contactPntX,contactPntY,contactPntZ,normalX,normalY,normalZ,maxCurvature,maxCurvDirectionX,maxCurvDirectionY,maxCurvDirectionZ,minCurvature,minCurvDirectionX,minCurvDirectionY,minCurvDirectionZ,meanCurvature,GaussianCurvature,endOfRevolution(T/F)
51.7963,-0.0000,-0.0550,-0.1313,0.0000,0.9913,0.1575,0.9913,-0.0000,0.1313,-0.0025,0.0000,1.0000,0.0000,0.0775,-0.0004,0
51.7944,0.4458,-0.0550,-0.1313,-0.0011,0.9913,0.1575,0.9913,0.0085,0.1313,-0.0025,-0.0086,1.0000,0.0000,0.0775,-0.0004,0
51.7761,1.4456,-0.0550,-0.1313,-0.0037,0.9913,0.1575,0.9910,0.0277,0.1313,-0.0025,-0.0279,0.9996,0.0000,0.0775,-0.0004,0
51.7386,2.4449,-0.0550,-0.1312,-0.0062,0.9913,0.1575,0.9902,0.0468,0.1313,-0.0025,-0.0472,0.9989,0.0000,0.0775,-0.0004,0
51.6817,3.4432,-0.0550,-0.1310,-0.0087,0.9913,0.1575,0.9891,0.0659,0.1313,-0.0025,-0.0665,0.9978,0.0000,0.0775,-0.0004,0
51.6056,4.4403,-0.0550,-0.1308,-0.0113,0.9913,0.1575,0.9877,0.0850,0.1313,-0.0025,-0.0857,0.9963,0.0000,0.0775,-0.0004,0
51.5103,5.4358,-0.0550,-0.1306,-0.0138,0.9913,0.1575,0.9859,0.1040,0.1313,-0.0025,-0.1049,0.9945,0.0000,0.0775,-0.0004,0
51.3958,6.4292,-0.0550,-0.1303,-0.0163,0.9913,0.1575,0.9837,0.1230,0.1313,-0.0025,-0.1241,0.9923,0.0000,0.0775,-0.0004,0
51.2621,7.4202,-0.0550,-0.1300,-0.0188,0.9913,0.1575,0.9811,0.1420,0.1313,-0.0025,-0.1433,0.9897,0.0000,0.0775,-0.0004,0
51.1093,8.4084,-0.0550,-0.1296,-0.0213,0.9913,0.1575,0.9782,0.1609,0.1313,-0.0025,-0.1623,0.9867,0.0000,0.0775,-0.0004,0
50.9374,9.3935,-0.0550,-0.1292,-0.0238,0.9913,0.1575,0.9749,0.1798,0.1313,-0.0025,-0.1814,0.9834,0.0000,0.0775,-0.0004,0
50.7466,10.3751,-0.0550,-0.1287,-0.0263,0.9913,0.1575,0.9712,0.1986,0.1313,-0.0025,-0.2003,0.9797,0.0000,0.0775,-0.0004,0
50.5368,11.3529,-0.0550,-0.1281,-0.0288,0.9913,0.1575,0.9672,0.2173,0.1313,-0.0025,-0.2192,0.9757,0.0000,0.0775,-0.0004,0
50.3082,12.3264,-0.0550,-0.1276,-0.0313,0.9913,0.1575,0.9629,0.2359,0.1313,-0.0025,-0.2380,0.9713,0.0000,0.0775,-0.0004,0
50.0609,13.2953,-0.0550,-0.1269,-0.0337,0.9913,0.1575,0.9581,0.2545,0.1313,-0.0025,-0.2567,0.9665,0.0000,0.0775,-0.0004,0
49.7949,14.2592,-0.0550,-0.1263,-0.0362,0.9913,0.1575,0.9530,0.2729,0.1313,-0.0025,-0.2753,0.9614,0.0000,0.0775,-0.0004,0
49.5103,15.2179,-0.0550,-0.1255,-0.0386,0.9913,0.1575,0.9476,0.2913,0.1313,-0.0025,-0.2938,0.9559,0.0000,0.0775,-0.0004,0
49.2073,16.1708,-0.0550,-0.1248,-0.0410,0.9913,0.1575,0.9418,0.3095,0.1313,-0.0025,-0.3122,0.9500,0.0000,0.0775,-0.0004,0
48.8860,17.1178,-0.0550,-0.1240,-0.0434,0.9913,0.1575,0.9356,0.3276,0.1313,-0.0025,-0.3305,0.9438,0.0000,0.0775,-0.0004,0
48.5464,18.0584,-0.0550,-0.1231,-0.0458,0.9913,0.1575,0.9291,0.3456,0.1313,-0.0025,-0.3486,0.9373,0.0000,0.0775,-0.0004,0
48.1887,18.9922,-0.0550,-0.1222,-0.0482,0.9913,0.1575,0.9223,0.3635,0.1313,-0.0025,-0.3667,0.9304,0.0000,0.0775,-0.0004,0
47.8131,19.9189,-0.0550,-0.1212,-0.0505,0.9913,0.1575,0.9151,0.3812,0.1313,-0.0025,-0.3846,0.9231,0.0000,0.0775,-0.0004,0
47.4197,20.8383,-0.0550,-0.1202,-0.0528,0.9913,0.1575,0.9076,0.3988,0.1313,-0.0025,-0.4023,0.9155,0.0000,0.0775,-0.0004,0
47.0085,21.7498,-0.0550,-0.1192,-0.0551,0.9913,0.1575,0.8997,0.4163,0.1313,-0.0025,-0.4199,0.9076,0.0000,0.0775,-0.0004,0
46.5799,22.6533,-0.0550,-0.1181,-0.0574,0.9913,0.1575,0.8915,0.4336,0.1313,-0.0025,-0.4374,0.8993,0.0000,0.0775,-0.0004,0
46.1339,23.5483,-0.0550,-0.1170,-0.0597,0.9913,0.1575,0.8830,0.4507,0.1313,-0.0025,-0.4546,0.8907,0.0000,0.0775,-0.0004,0
45.6707,24.4345,-0.0550,-0.1158,-0.0620,0.9913,0.1575,0.8741,0.4677,0.1313,-0.0025,-0.4717,0.8817,0.0000,0.0775,-0.0004,0
45.1905,25.3117,-0.0550,-0.1146,-0.0642,0.9913,0.1575,0.8649,0.4844,0.1313,-0.0025,-0.4887,0.8725,0.0000,0.0775,-0.0004,0
44.6934,26.1794,-0.0550,-0.1133,-0.0664,0.9913,0.1575,0.8554,0.5011,0.1313,-0.0025,-0.5054,0.8629,0.0000,0.0775,-0.0004,0
44.1797,27.0373,-0.0550,-0.1120,-0.0686,0.9913,0.1575,0.8456,0.5175,0.1313,-0.0025,-0.5220,0.8529,0.0000,0.0775,-0.0004,0
43.6495,27.8852,-0.0550,-0.1107,-0.0707,0.9913,0.1575,0.8354,0.5337,0.1313,-0.0025,-0.5384,0.8427,0.0000,0.0775,-0.0004,0
43.1030,28.7226,-0.0550,-0.1093,-0.0728,0.9913,0.1575,0.8250,0.5497,0.1313,-0.0025,-0.5545,0.8322,0.0000,0.0775,-0.0004,0
42.5405,29.5494,-0.0550,-0.1079,-0.0749,0.9913,0.1575,0.8142,0.5656,0.1313,-0.0025,-0.5705,0.8213,0.0000,0.0775,-0.0004,0
41.9621,30.3651,-0.0550,-0.1064,-0.0770,0.9913,0.1575,0.8031,0.5812,0.1313,-0.0025,-0.5862,0.8101,0.0000,0.0775,-0.0004,0
41.3681,31.1695,-0.0550,-0.1049,-0.0790,0.9913,0.1575,0.7918,0.5966,0.1313,-0.0025,-0.6018,0.7987,0.0000,0.0775,-0.0004,0
40.7586,31.9624,-0.0550,-0.1033,-0.0810,0.9913,0.1575,0.7801,0.6117,0.1313,-0.0025,-0.6171,0.7869,0.0000,0.0775,-0.0004,0
40.1340,32.7433,-0.0550,-0.1018,-0.0830,0.9913,0.1575,0.7681,0.6267,0.1313,-0.0025,-0.6322,0.7748,0.0000,0.0775,-0.0004,0
39.4944,33.5119,-0.0550,-0.1001,-0.0850,0.9913,0.1575,0.7559,0.6414,0.1313,-0.0025,-0.6470,0.7625,0.0000,0.0775,-0.0004,0
38.8401,34.2681,-0.0550,-0.0985,-0.0869,0.9913,0.1575,0.7434,0.6559,0.1313,-0.0025,-0.6616,0.7499,0.0000,0.0775,-0.0004,0
38.1713,35.0116,-0.0550,-0.0968,-0.0888,0.9913,0.1575,0.7306,0.6701,0.1313,-0.0025,-0.6759,0.7369,0.0000,0.0775,-0.0004,0
37.4883,35.7420,-0.0550,-0.0951,-0.0906,0.9913,0.1575,0.7175,0.6841,0.1313,-0.0025,-0.6900,0.7238,0.0000,0.0775,-0.0004,0
36.7913,36.4590,-0.0550,-0.0933,-0.0924,0.9913,0.1575,0.7042,0.6978,0.1313,-0.0025,-0.7039,0.7103,0.0000,0.0775,-0.0004,0
36.0806,37.1625,-0.0550,-0.0915,-0.0942,0.9913,0.1575,0.6906,0.7113,0.1313,-0.0025,-0.7175,0.6966,0.0000,0.0775,-0.0004,0
35.3564,37.8521,-0.0550,-0.0896,-0.0960,0.9913,0.1575,0.6767,0.7245,0.1313,-0.0025,-0.7308,0.6826,0.0000,0.0775,-0.0004,0
34.6191,38.5276,-0.0550,-0.0878,-0.0977,0.9913,0.1575,0.6626,0.7374,0.1313,-0.0025,-0.7438,0.6684,0.0000,0.0775,-0.0004,0
33.8688,39.1888,-0.0550,-0.0859,-0.0994,0.9913,0.1575,0.6482,0.7500,0.1313,-0.0025,-0.7566,0.6539,0.0000,0.0775,-0.0004,0
33.1060,39.8353,-0.0550,-0.0839,-0.1010,0.9913,0.1575,0.6336,0.7624,0.1313,-0.0025,-0.7691,0.6392,0.0000,0.0775,-0.0004,0
32.3308,40.4670,-0.0550,-0.0820,-0.1026,0.9913,0.1575,0.6188,0.7745,0.1313,-0.0025,-0.7813,0.6242,0.0000,0.0775,-0.0004,0
31.5435,41.0836,-0.0550,-0.0800,-0.1042,0.9913,0.1575,0.6037,0.7863,0.1313,-0.0025,-0.7932,0.6090,0.0000,0.0775,-0.0004,0
30.7445,41.6849,-0.0550,-0.0780,-0.1057,0.9913,0.1575,0.5884,0.7978,0.1313,-0.0025,-0.8048,0.5936,0.0000,0.0775,-0.0004,0
29.9341,42.2707,-0.0550,-0.0759,-0.1072,0.9913,0.1575,0.5729,0.8090,0.1313,-0.0025,-0.8161,0.5779,0.0000,0.0775,-0.0004,0
29.1124,42.8407,-0.0550,-0.0738,-0.1086,0.9913,0.1575,0.5572,0.8199,0.1313,-0.0025,-0.8271,0.5621,0.0000,0.0775,-0.0004,0
28.2800,43.3947,-0.0550,-0.0717,-0.1100,0.9913,0.1575,0.5413,0.8305,0.1313,-0.0025,-0.8378,0.5460,0.0000,0.0775,-0.0004,0
27.4370,43.9326,-0.0550,-0.0696,-0.1114,0.9913,0.1575,0.5251,0.8408,0.1313,-0.0025,-0.8482,0.5297,0.0000,0.0775,-0.0004,0
26.5837,44.4541,-0.0550,-0.0674,-0.1127,0.9913,0.1575,0.5088,0.8508,0.1313,-0.0025,-0.8582,0.5132,0.0000,0.0775,-0.0004,0
25.7206,44.9590,-0.0550,-0.0652,-0.1140,0.9913,0.1575,0.4923,0.8605,0.1313,-0.0025,-0.8680,0.4966,0.0000,0.0775,-0.0004,0
24.8478,45.4471,-0.0550,-0.0630,-0.1152,0.9913,0.1575,0.4756,0.8698,0.1313,-0.0025,-0.8774,0.4797,0.0000,0.0775,-0.0004,0
23.9658,45.9184,-0.0550,-0.0608,-0.1164,0.9913,0.1575,0.4587,0.8788,0.1313,-0.0025,-0.8865,0.4627,0.0000,0.0775,-0.0004,0
23.0749,46.3725,-0.0550,-0.0585,-0.1176,0.9913,0.1575,0.4416,0.8875,0.1313,-0.0025,-0.8953,0.4455,0.0000,0.0775,-0.0004,0
22.1754,46.8093,-0.0550,-0.0562,-0.1187,0.9913,0.1575,0.4244,0.8959,0.1313,-0.0025,-0.9037,0.4281,0.0000,0.0775,-0.0004,0
21.2676,47.2287,-0.0550,-0.0539,-0.1197,0.9913,0.1575,0.4070,0.9039,0.1313,-0.0025,-0.9118,0.4106,0.0000,0.0775,-0.0004,0
20.3519,47.6304,-0.0550,-0.0516,-0.1208,0.9913,0.1575,0.3895,0.9116,0.1313,-0.0025,-0.9196,0.3929,0.0000,0.0775,-0.0004,0
19.4286,48.0145,-0.0550,-0.0493,-0.1217,0.9913,0.1575,0.3718,0.9190,0.1313,-0.0025,-0.9270,0.3751,0.0000,0.0775,-0.0004,0
18.4980,48.3806,-0.0550,-0.0469,-0.1227,0.9913,0.1575,0.3540,0.9260,0.1313,-0.0025,-0.9341,0.3571,0.0000,0.0775,-0.0004,0
17.5606,48.7287,-0.0550,-0.0445,-0.1236,0.9913,0.1575,0.3361,0.9326,0.1313,-0.0025,-0.9408,0.3390,0.0000,0.0775,-0.0004,0
16.6166,49.0586,-0.0550,-0.0421,-0.1244,0.9913,0.1575,0.3180,0.9389,0.1313,-0.0025,-0.9471,0.3208,0.0000,0.0775,-0.0004,0
15.6664,49.3702,-0.0550,-0.0397,-0.1252,0.9913,0.1575,0.2998,0.9449,0.1313,-0.0025,-0.9532,0.3025,0.0000,0.0775,-0.0004,0
14.7104,49.6635,-0.0550,-0.0373,-0.1259,0.9913,0.1575,0.2815,0.9505,0.1313,-0.0025,-0.9588,0.2840,0.0000,0.0775,-0.0004,0
13.7489,49.9382,-0.0550,-0.0349,-0.1266,0.9913,0.1575,0.2631,0.9558,0.1313,-0.0025,-0.9641,0.2654,0.0000,0.0775,-0.0004,0
12.7822,50.1943,-0.0550,-0.0324,-0.1273,0.9913,0.1575,0.2446,0.9607,0.1313,-0.0025,-0.9691,0.2468,0.0000,0.0775,-0.0004,0
11.8108,50.4317,-0.0550,-0.0299,-0.1279,0.9913,0.1575,0.2260,0.9652,0.1313,-0.0025,-0.9737,0.2280,0.0000,0.0775,-0.0004,0
10.8350,50.6504,-0.0550,-0.0275,-0.1284,0.9913,0.1575,0.2074,0.9694,0.1313,-0.0025,-0.9779,0.2092,0.0000,0.0775,-0.0004,0
9.8552,50.8501,-0.0550,-0.0250,-0.1289,0.9913,0.1575,0.1886,0.9732,0.1313,-0.0025,-0.9817,0.1903,0.0000,0.0775,-0.0004,0
8.8717,51.0309,-0.0550,-0.0225,-0.1294,0.9913,0.1575,0.1698,0.9767,0.1313,-0.0025,-0.9852,0.1713,0.0000,0.0775,-0.0004,0
7.8849,51.1926,-0.0550,-0.0200,-0.1298,0.9913,0.1575,0.1509,0.9798,0.1313,-0.0025,-0.9883,0.1522,0.0000,0.0775,-0.0004,0
6.8951,51.3353,-0.0550,-0.0175,-0.1302,0.9913,0.1575,0.1320,0.9825,0.1313,-0.0025,-0.9911,0.1331,0.0000,0.0775,-0.0004,0
5.9028,51.4589,-0.0550,-0.0150,-0.1305,0.9913,0.1575,0.1130,0.9849,0.1313,-0.0025,-0.9935,0.1140,0.0000,0.0775,-0.0004,0
4.9083,51.5632,-0.0550,-0.0124,-0.1307,0.9913,0.1575,0.0939,0.9869,0.1313,-0.0025,-0.9955,0.0948,0.0000,0.0775,-0.0004,0
3.9119,51.6484,-0.0550,-0.0099,-0.1310,0.9913,0.1575,0.0749,0.9885,0.1313,-0.0025,-0.9971,0.0755,0.0000,0.0775,-0.0004,0
2.9141,51.7143,-0.0550,-0.0074,-0.1311,0.9913,0.1575,0.0558,0.9898,0.1313,-0.0025,-0.9984,0.0563,0.0000,0.0775,-0.0004,0
1.9152,51.7609,-0.0550,-0.0049,-0.1312,0.9913,0.1575,0.0367,0.9907,0.1313,-0.0025,-0.9993,0.0370,0.0000,0.0775,-0.0004,0
0.9156,51.7882,-0.0550,-0.0023,-0.1313,0.9913,0.1575,0.0175,0.9912,0.1313,-0.0025,-0.9998,0.0177,0.0000,0.0775,-0.0004,0
-0.0843,51.7962,-0.0550,0.0002,-0.1313,0.9913,0.1575,-0.0016,0.9913,0.1313,-0.0025,-1.0000,-0.0016,0.0000,0.0775,-0.0004,0
-1.0843,51.7850,-0.0550,0.0027,-0.1313,0.9913,0.1575,-0.0208,0.9911,0.1313,-0.0025,-0.9998,-0.0209,0.0000,0.0775,-0.0004,0
-2.0838,51.7544,-0.0550,0.0053,-0.1312,0.9913,0.1575,-0.0399,0.9905,0.1313,-0.0025,-0.9992,-0.0402,0.0000,0.0775,-0.0004,0
-3.0825,51.7045,-0.0550,0.0078,-0.1311,0.9913,0.1575,-0.0590,0.9896,0.1313,-0.0025,-0.9982,-0.0595,0.0000,0.0775,-0.0004,0
-4.0801,51.6354,-0.0550,0.0103,-0.1309,0.9913,0.1575,-0.0781,0.9883,0.1313,-0.0025,-0.9969,-0.0788,0.0000,0.0775,-0.0004,0
-5.0762,51.5470,-0.0550,0.0129,-0.1307,0.9913,0.1575,-0.0972,0.9866,0.1313,-0.0025,-0.9952,-0.0980,0.0000,0.0775,-0.0004,0
-6.0704,51.4394,-0.0550,0.0154,-0.1304,0.9913,0.1575,-0.1162,0.9845,0.1313,-0.0025,-0.9931,-0.1172,0.0000,0.0775,-0.0004,0
-7.0623,51.3126,-0.0550,0.0179,-0.1301,0.9913,0.1575,-0.1352,0.9821,0.1313,-0.0025,-0.9907,-0.1363,0.0000,0.0775,-0.0004,0
-8.0516,51.1667,-0.0550,0.0204,-0.1297,0.9913,0.1575,-0.1541,0.9793,0.1313,-0.0025,-0.9878,-0.1554,0.0000,0.0775,-0.0004,0
-9.0378,51.0017,-0.0550,0.0229,-0.1293,0.9913,0.1575,-0.1730,0.9761,0.1313,-0.0025,-0.9847,-0.1745,0.0000,0.0775,-0.0004,0
-10.0207,50.8177,-0.0550,0.0254,-0.1288,0.9913,0.1575,-0.1918,0.9726,0.1313,-0.0025,-0.9811,-0.1935,0.0000,0.0775,-0.0004,0
-10.9999,50.6148,-0.0550,0.0279,-0.1283,0.9913,0.1575,-0.2105,0.9687,0.1313,-0.0025,-0.9772,-0.2124,0.0000,0.0775,-0.0004,0
-11.9750,50.3930,-0.0550,0.0304,-0.1278,0.9913,0.1575,-0.2292,0.9645,0.1313,-0.0025,-0.9729,-0.2312,0.0000,0.0775,-0.0004,0
-12.9456,50.1524,-0.0550,0.0328,-0.1272,0.9913,0.1575,-0.2478,0.9599,0.1313,-0.0025,-0.9683,-0.2499,0.0000,0.0775,-0.0004,0
-13.9114,49.8932,-0.0550,0.0353,-0.1265,0.9913,0.1575,-0.2663,0.9549,0.1313,-0.0025,-0.9633,-0.2686,0.0000,0.0775,-0.0004,0
-14.8720,49.6153,-0.0550,0.0377,-0.1258,0.9913,0.1575,-0.2846,0.9496,0.1313,-0.0025,-0.9579,-0.2871,0.0000,0.0775,-0.0004,0
-15.8271,49.3190,-0.0550,0.0401,-0.1250,0.9913,0.1575,-0.3029,0.9439,0.1313,-0.0025,-0.9522,-0.3056,0.0000,0.0775,-0.0004,0
-16.7762,49.0042,-0.0550,0.0425,-0.1243,0.9913,0.1575,-0.3211,0.9379,0.1313,-0.0025,-0.9461,-0.3239,0.0000,0.0775,-0.0004,0
-17.7192,48.6712,-0.0550,0.0449,-0.1234,0.9913,0.1575,-0.3391,0.9315,0.1313,-0.0025,-0.9397,-0.3421,0.0000,0.0775,-0.0004,0
-18.6555,48.3201,-0.0550,0.0473,-0.1225,0.9913,0.1575,-0.3571,0.9248,0.1313,-0.0025,-0.9329,-0.3602,0.0000,0.0775,-0.0004,0
-19.5848,47.9509,-0.0550,0.0497,-0.1216,0.9913,0.1575,-0.3748,0.9177,0.1313,-0.0025,-0.9258,-0.3781,0.0000,0.0775,-0.0004,0
-20.5069,47.5639,-0.0550,0.0520,-0.1206,0.9913,0.1575,-0.3925,0.9103,0.1313,-0.0025,-0.9183,-0.3959,0.0000,0.0775,-0.0004,0
-21.4213,47.1592,-0.0550,0.0543,-0.1196,0.9913,0.1575,-0.4100,0.9026,0.1313,-0.0025,-0.9105,-0.4136,0.0000,0.0775,-0.0004,0
-22.3277,46.7368,-0.0550,0.0566,-0.1185,0.9913,0.1575,-0.4273,0.8945,0.1313,-0.0025,-0.9023,-0.4311,0.0000,0.0775,-0.0004,0
-23.2258,46.2971,-0.0550,0.0589,-0.1174,0.9913,0.1575,-0.4445,0.8861,0.1313,-0.0025,-0.8938,-0.4484,0.0000,0.0775,-0.0004,0
-24.1152,45.8401,-0.0550,0.0611,-0.1162,0.9913,0.1575,-0.4615,0.8773,0.1313,-0.0025,-0.8850,-0.4656,0.0000,0.0775,-0.0004,0
-24.9957,45.3660,-0.0550,0.0634,-0.1150,0.9913,0.1575,-0.4784,0.8683,0.1313,-0.0025,-0.8759,-0.4826,0.0000,0.0775,-0.0004,0
-25.8668,44.8750,-0.0550,0.0656,-0.1138,0.9913,0.1575,-0.4951,0.8589,0.1313,-0.0025,-0.8664,-0.4994,0.0000,0.0775,-0.0004,0
-26.7283,44.3672,-0.0550,0.0678,-0.1125,0.9913,0.1575,-0.5116,0.8492,0.1313,-0.0025,-0.8566,-0.5160,0.0000,0.0775,-0.0004,0
-27.5799,43.8430,-0.0550,0.0699,-0.1112,0.9913,0.1575,-0.5279,0.8391,0.1313,-0.0025,-0.8465,-0.5325,0.0000,0.0775,-0.0004,0
-28.4211,43.3024,-0.0550,0.0721,-0.1098,0.9913,0.1575,-0.5440,0.8288,0.1313,-0.0025,-0.8360,-0.5487,0.0000,0.0775,-0.0004,0
-29.2518,42.7456,-0.0550,0.0742,-0.1084,0.9913,0.1575,-0.5599,0.8181,0.1313,-0.0025,-0.8253,-0.5647,0.0000,0.0775,-0.0004,0
-30.0716,42.1730,-0.0550,0.0762,-0.1069,0.9913,0.1575,-0.5755,0.8072,0.1313,-0.0025,-0.8142,-0.5806,0.0000,0.0775,-0.0004,0
-30.8801,41.5846,-0.0550,0.0783,-0.1054,0.9913,0.1575,-0.5910,0.7959,0.1313,-0.0025,-0.8028,-0.5962,0.0000,0.0775,-0.0004,0
-31.6772,40.9807,-0.0550,0.0803,-0.1039,0.9913,0.1575,-0.6063,0.7843,0.1313,-0.0025,-0.7912,-0.6116,0.0000,0.0775,-0.0004,0
-32.4624,40.3615,-0.0550,0.0823,-0.1023,0.9913,0.1575,-0.6213,0.7725,0.1313,-0.0025,-0.7792,-0.6267,0.0000,0.0775,-0.0004,0
-33.2355,39.7273,-0.0550,0.0843,-0.1007,0.9913,0.1575,-0.6361,0.7603,0.1313,-0.0025,-0.7670,-0.6417,0.0000,0.0775,-0.0004,0
-33.9963,39.0783,-0.0550,0.0862,-0.0991,0.9913,0.1575,-0.6507,0.7479,0.1313,-0.0025,-0.7545,-0.6563,0.0000,0.0775,-0.0004,0
-34.7444,38.4147,-0.0550,0.0881,-0.0974,0.9913,0.1575,-0.6650,0.7352,0.1313,-0.0025,-0.7416,-0.6708,0.0000,0.0775,-0.0004,0
-35.4795,37.7368,-0.0550,0.0900,-0.0957,0.9913,0.1575,-0.6790,0.7223,0.1313,-0.0025,-0.7286,-0.6850,0.0000,0.0775,-0.0004,0
-36.2014,37.0448,-0.0550,0.0918,-0.0939,0.9913,0.1575,-0.6929,0.7090,0.1313,-0.0025,-0.7152,-0.6989,0.0000,0.0775,-0.0004,0
-36.9098,36.3390,-0.0550,0.0936,-0.0921,0.9913,0.1575,-0.7064,0.6955,0.1313,-0.0025,-0.7016,-0.7126,0.0000,0.0775,-0.0004,0
-37.6045,35.6197,-0.0550,0.0953,-0.0903,0.9913,0.1575,-0.7197,0.6817,0.1313,-0.0025,-0.6877,-0.7260,0.0000,0.0775,-0.0004,0
-38.2851,34.8871,-0.0550,0.0971,-0.0885,0.9913,0.1575,-0.7327,0.6677,0.1313,-0.0025,-0.6735,-0.7391,0.0000,0.0775,-0.0004,0
-38.9515,34.1415,-0.0550,0.0988,-0.0866,0.9913,0.1575,-0.7455,0.6534,0.1313,-0.0025,-0.6591,-0.7520,0.0000,0.0775,-0.0004,0
-39.6033,33.3832,-0.0550,0.1004,-0.0846,0.9913,0.1575,-0.7580,0.6389,0.1313,-0.0025,-0.6445,-0.7646,0.0000,0.0775,-0.0004,0
-40.2404,32.6124,-0.0550,0.1020,-0.0827,0.9913,0.1575,-0.7702,0.6242,0.1313,-0.0025,-0.6296,-0.7769,0.0000,0.0775,-0.0004,0
-40.8625,31.8295,-0.0550,0.1036,-0.0807,0.9913,0.1575,-0.7821,0.6092,0.1313,-0.0025,-0.6145,-0.7889,0.0000,0.0775,-0.0004,0
-41.4693,31.0347,-0.0550,0.1051,-0.0787,0.9913,0.1575,-0.7937,0.5940,0.1313,-0.0025,-0.5992,-0.8006,0.0000,0.0775,-0.0004,0
-42.0607,30.2283,-0.0550,0.1066,-0.0766,0.9913,0.1575,-0.8050,0.5785,0.1313,-0.0025,-0.5836,-0.8120,0.0000,0.0775,-0.0004,0
-42.6365,29.4107,-0.0550,0.1081,-0.0746,0.9913,0.1575,-0.8160,0.5629,0.1313,-0.0025,-0.5678,-0.8232,0.0000,0.0775,-0.0004,0
-43.1963,28.5821,-0.0550,0.1095,-0.0725,0.9913,0.1575,-0.8267,0.5470,0.1313,-0.0025,-0.5518,-0.8340,0.0000,0.0775,-0.0004,0
-43.7400,27.7429,-0.0550,0.1109,-0.0703,0.9913,0.1575,-0.8371,0.5310,0.1313,-0.0025,-0.5356,-0.8445,0.0000,0.0775,-0.0004,0
-44.2675,26.8933,-0.0550,0.1122,-0.0682,0.9913,0.1575,-0.8472,0.5147,0.1313,-0.0025,-0.5192,-0.8546,0.0000,0.0775,-0.0004,0
-44.7784,26.0337,-0.0550,0.1135,-0.0660,0.9913,0.1575,-0.8570,0.4983,0.1313,-0.0025,-0.5026,-0.8645,0.0000,0.0775,-0.0004,0
-45.2726,25.1644,-0.0550,0.1148,-0.0638,0.9913,0.1575,-0.8665,0.4816,0.1313,-0.0025,-0.4858,-0.8741,0.0000,0.0775,-0.0004,0
-45.7500,24.2857,-0.0550,0.1160,-0.0616,0.9913,0.1575,-0.8756,0.4648,0.1313,-0.0025,-0.4689,-0.8833,0.0000,0.0775,-0.0004,0
-46.2103,23.3979,-0.0550,0.1172,-0.0593,0.9913,0.1575,-0.8844,0.4478,0.1313,-0.0025,-0.4517,-0.8922,0.0000,0.0775,-0.0004,0
-46.6534,22.5015,-0.0550,0.1183,-0.0571,0.9913,0.1575,-0.8929,0.4307,0.1313,-0.0025,-0.4344,-0.9007,0.0000,0.0775,-0.0004,0
-47.0791,21.5966,-0.0550,0.1194,-0.0548,0.9913,0.1575,-0.9011,0.4133,0.1313,-0.0025,-0.4170,-0.9089,0.0000,0.0775,-0.0004,0
-47.4873,20.6837,-0.0550,0.1204,-0.0524,0.9913,0.1575,-0.9089,0.3959,0.1313,-0.0025,-0.3993,-0.9168,0.0000,0.0775,-0.0004,0
-47.8777,19.7631,-0.0550,0.1214,-0.0501,0.9913,0.1575,-0.9163,0.3783,0.1313,-0.0025,-0.3816,-0.9243,0.0000,0.0775,-0.0004,0
-48.2503,18.8352,-0.0550,0.1223,-0.0478,0.9913,0.1575,-0.9235,0.3605,0.1313,-0.0025,-0.3636,-0.9315,0.0000,0.0775,-0.0004,0
-48.6049,17.9002,-0.0550,0.1232,-0.0454,0.9913,0.1575,-0.9303,0.3426,0.1313,-0.0025,-0.3456,-0.9384,0.0000,0.0775,-0.0004,0
-48.9415,16.9585,-0.0550,0.1241,-0.0430,0.9913,0.1575,-0.9367,0.3246,0.1313,-0.0025,-0.3274,-0.9449,0.0000,0.0775,-0.0004,0
-49.2597,16.0105,-0.0550,0.1249,-0.0406,0.9913,0.1575,-0.9428,0.3064,0.1313,-0.0025,-0.3091,-0.9510,0.0000,0.0775,-0.0004,0
-49.5596,15.0566,-0.0550,0.1257,-0.0382,0.9913,0.1575,-0.9485,0.2882,0.1313,-0.0025,-0.2907,-0.9568,0.0000,0.0775,-0.0004,0
-49.8411,14.0970,-0.0550,0.1264,-0.0357,0.9913,0.1575,-0.9539,0.2698,0.1313,-0.0025,-0.2722,-0.9623,0.0000,0.0775,-0.0004,0
-50.1039,13.1322,-0.0550,0.1270,-0.0333,0.9913,0.1575,-0.9589,0.2513,0.1313,-0.0025,-0.2535,-0.9673,0.0000,0.0775,-0.0004,0
-50.3481,12.1625,-0.0550,0.1277,-0.0308,0.9913,0.1575,-0.9636,0.2328,0.1313,-0.0025,-0.2348,-0.9720,0.0000,0.0775,-0.0004,0
-50.5735,11.1882,-0.0550,0.1282,-0.0284,0.9913,0.1575,-0.9679,0.2141,0.1313,-0.0025,-0.2160,-0.9764,0.0000,0.0775,-0.0004,0
-50.7801,10.2098,-0.0550,0.1288,-0.0259,0.9913,0.1575,-0.9719,0.1954,0.1313,-0.0025,-0.1971,-0.9804,0.0000,0.0775,-0.0004,0
-50.9677,9.2276,-0.0550,0.1292,-0.0234,0.9913,0.1575,-0.9755,0.1766,0.1313,-0.0025,-0.1782,-0.9840,0.0000,0.0775,-0.0004,0
-51.1364,8.2419,-0.0550,0.1297,-0.0209,0.9913,0.1575,-0.9787,0.1577,0.1313,-0.0025,-0.1591,-0.9873,0.0000,0.0775,-0.0004,0
-51.2859,7.2532,-0.0550,0.1300,-0.0184,0.9913,0.1575,-0.9816,0.1388,0.1313,-0.0025,-0.1400,-0.9901,0.0000,0.0775,-0.0004,0
-51.4164,6.2618,-0.0550,0.1304,-0.0159,0.9913,0.1575,-0.9841,0.1198,0.1313,-0.0025,-0.1209,-0.9927,0.0000,0.0775,-0.0004,0
-51.5277,5.2680,-0.0550,0.1306,-0.0134,0.9913,0.1575,-0.9862,0.1008,0.1313,-0.0025,-0.1017,-0.9948,0.0000,0.0775,-0.0004,0
-51.6198,4.2723,-0.0550,0.1309,-0.0108,0.9913,0.1575,-0.9880,0.0818,0.1313,-0.0025,-0.0825,-0.9966,0.0000,0.0775,-0.0004,0
-51.6927,3.2749,-0.0550,0.1311,-0.0083,0.9913,0.1575,-0.9894,0.0627,0.1313,-0.0025,-0.0632,-0.9980,0.0000,0.0775,-0.0004,0
-51.7463,2.2764,-0.0550,0.1312,-0.0058,0.9913,0.1575,-0.9904,0.0436,0.1313,-0.0025,-0.0439,-0.9990,0.0000,0.0775,-0.0004,0
-51.7806,1.2770,-0.0550,0.1313,-0.0032,0.9913,0.1575,-0.9910,0.0244,0.1313,-0.0025,-0.0247,-0.9997,0.0000,0.0775,-0.0004,0
-51.7956,0.2771,-0.0550,0.1313,-0.0007,0.9913,0.1575,-0.9913,0.0053,0.1313,-0.0025,-0.0053,-1.0000,0.0000,0.0775,-0.0004,0
-51.7913,-0.7229,-0.0550,0.1313,0.0018,0.9913,0.1575,-0.9912,-0.0138,0.1313,-0.0025,0.0140,-0.9999,0.0000,0.0775,-0.0004,0
-51.7677,-1.7226,-0.0550,0.1313,0.0044,0.9913,0.1575,-0.9908,-0.0330,0.1313,-0.0025,0.0333,-0.9994,0.0000,0.0775,-0.0004,0
-51.7248,-2.7216,-0.0550,0.1311,0.0069,0.9913,0.1575,-0.9900,-0.0521,0.1313,-0.0025,0.0525,-0.9986,0.0000,0.0775,-0.0004,0
-51.6626,-3.7197,-0.0550,0.1310,0.0094,0.9913,0.1575,-0.9888,-0.0712,0.1313,-0.0025,0.0718,-0.9974,0.0000,0.0775,-0.0004,0
-51.5811,-4.7163,-0.0550,0.1308,0.0120,0.9913,0.1575,-0.9872,-0.0903,0.1313,-0.0025,0.0911,-0.9958,0.0000,0.0775,-0.0004,0
-51.4805,-5.7113,-0.0550,0.1305,0.0145,0.9913,0.1575,-0.9853,-0.1093,0.1313,-0.0025,0.1103,-0.9939,0.0000,0.0775,-0.0004,0
-51.3606,-6.7040,-0.0550,0.1302,0.0170,0.9913,0.1575,-0.9830,-0.1283,0.1313,-0.0025,0.1294,-0.9916,0.0000,0.0775,-0.0004,0
-51.2216,-7.6943,-0.0550,0.1299,0.0195,0.9913,0.1575,-0.9803,-0.1473,0.1313,-0.0025,0.1485,-0.9889,0.0000,0.0775,-0.0004,0
-51.0635,-8.6817,-0.0550,0.1295,0.0220,0.9913,0.1575,-0.9773,-0.1662,0.1313,-0.0025,0.1676,-0.9859,0.0000,0.0775,-0.0004,0
-50.8864,-9.6659,-0.0550,0.1290,0.0245,0.9913,0.1575,-0.9739,-0.1850,0.1313,-0.0025,0.1866,-0.9824,0.0000,0.0775,-0.0004,0
-50.6903,-10.6465,-0.0550,0.1285,0.0270,0.9913,0.1575,-0.9702,-0.2038,0.1313,-0.0025,0.2055,-0.9786,0.0000,0.0775,-0.0004,0
-50.4754,-11.6231,-0.0550,0.1280,0.0295,0.9913,0.1575,-0.9661,-0.2225,0.1313,-0.0025,0.2244,-0.9745,0.0000,0.0775,-0.0004,0
-50.2416,-12.5953,-0.0550,0.1274,0.0319,0.9913,0.1575,-0.9616,-0.2411,0.1313,-0.0025,0.2432,-0.9700,0.0000,0.0775,-0.0004,0
-49.9890,-13.5629,-0.0550,0.1267,0.0344,0.9913,0.1575,-0.9567,-0.2596,0.1313,-0.0025,0.2619,-0.9651,0.0000,0.0775,-0.0004,0
-49.7179,-14.5254,-0.0550,0.1261,0.0368,0.9913,0.1575,-0.9516,-0.2780,0.1313,-0.0025,0.2804,-0.9599,0.0000,0.0775,-0.0004,0
-49.4282,-15.4825,-0.0550,0.1253,0.0393,0.9913,0.1575,-0.9460,-0.2963,0.1313,-0.0025,0.2989,-0.9543,0.0000,0.0775,-0.0004,0
-49.1201,-16.4339,-0.0550,0.1245,0.0417,0.9913,0.1575,-0.9401,-0.3145,0.1313,-0.0025,0.3173,-0.9483,0.0000,0.0775,-0.0004,0
-48.7937,-17.3791,-0.0550,0.1237,0.0441,0.9913,0.1575,-0.9339,-0.3326,0.1313,-0.0025,0.3355,-0.9420,0.0000,0.0775,-0.0004,0
-48.4491,-18.3178,-0.0550,0.1228,0.0464,0.9913,0.1575,-0.9273,-0.3506,0.1313,-0.0025,0.3537,-0.9354,0.0000,0.0775,-0.0004,0
-48.0864,-19.2497,-0.0550,0.1219,0.0488,0.9913,0.1575,-0.9203,-0.3684,0.1313,-0.0025,0.3716,-0.9284,0.0000,0.0775,-0.0004,0
-47.7059,-20.1745,-0.0550,0.1210,0.0512,0.9913,0.1575,-0.9131,-0.3861,0.1313,-0.0025,0.3895,-0.9210,0.0000,0.0775,-0.0004,0
-47.3075,-21.0917,-0.0550,0.1199,0.0535,0.9913,0.1575,-0.9054,-0.4037,0.1313,-0.0025,0.4072,-0.9133,0.0000,0.0775,-0.0004,0
-46.8915,-22.0010,-0.0550,0.1189,0.0558,0.9913,0.1575,-0.8975,-0.4211,0.1313,-0.0025,0.4248,-0.9053,0.0000,0.0775,-0.0004,0
-46.4580,-22.9022,-0.0550,0.1178,0.0581,0.9913,0.1575,-0.8892,-0.4383,0.1313,-0.0025,0.4422,-0.8969,0.0000,0.0775,-0.0004,0
-46.0072,-23.7948,-0.0550,0.1167,0.0603,0.9913,0.1575,-0.8805,-0.4554,0.1313,-0.0025,0.4594,-0.8882,0.0000,0.0775,-0.0004,0
-45.5393,-24.6785,-0.0550,0.1155,0.0626,0.9913,0.1575,-0.8716,-0.4723,0.1313,-0.0025,0.4765,-0.8792,0.0000,0.0775,-0.0004,0
-45.0544,-25.5531,-0.0550,0.1142,0.0648,0.9913,0.1575,-0.8623,-0.4891,0.1313,-0.0025,0.4933,-0.8698,0.0000,0.0775,-0.0004,0
-44.5527,-26.4181,-0.0550,0.1130,0.0670,0.9913,0.1575,-0.8527,-0.5056,0.1313,-0.0025,0.5100,-0.8602,0.0000,0.0775,-0.0004,0
-44.0344,-27.2733,-0.0550,0.1117,0.0692,0.9913,0.1575,-0.8428,-0.5220,0.1313,-0.0025,0.5265,-0.8501,0.0000,0.0775,-0.0004,0
-43.4997,-28.1183,-0.0550,0.1103,0.0713,0.9913,0.1575,-0.8325,-0.5382,0.1313,-0.0025,0.5429,-0.8398,0.0000,0.0775,-0.0004,0
-42.9487,-28.9528,-0.0550,0.1089,0.0734,0.9913,0.1575,-0.8220,-0.5541,0.1313,-0.0025,0.5590,-0.8292,0.0000,0.0775,-0.0004,0
-42.3818,-29.7765,-0.0550,0.1075,0.0755,0.9913,0.1575,-0.8112,-0.5699,0.1313,-0.0025,0.5749,-0.8182,0.0000,0.0775,-0.0004,0
-41.7990,-30.5892,-0.0550,0.1060,0.0776,0.9913,0.1575,-0.8000,-0.5855,0.1313,-0.0025,0.5906,-0.8070,0.0000,0.0775,-0.0004,0
-41.2007,-31.3904,-0.0550,0.1045,0.0796,0.9913,0.1575,-0.7885,-0.6008,0.1313,-0.0025,0.6060,-0.7954,0.0000,0.0775,-0.0004,0
-40.5870,-32.1800,-0.0550,0.1029,0.0816,0.9913,0.1575,-0.7768,-0.6159,0.1313,-0.0025,0.6213,-0.7836,0.0000,0.0775,-0.0004,0
-39.9582,-32.9575,-0.0550,0.1013,0.0836,0.9913,0.1575,-0.7648,-0.6308,0.1313,-0.0025,0.6363,-0.7714,0.0000,0.0775,-0.0004,0
-39.3145,-33.7228,-0.0550,0.0997,0.0855,0.9913,0.1575,-0.7524,-0.6454,0.1313,-0.0025,0.6511,-0.7590,0.0000,0.0775,-0.0004,0
-38.6562,-34.4754,-0.0550,0.0980,0.0874,0.9913,0.1575,-0.7398,-0.6598,0.1313,-0.0025,0.6656,-0.7463,0.0000,0.0775,-0.0004,0
-37.9834,-35.2153,-0.0550,0.0963,0.0893,0.9913,0.1575,-0.7270,-0.6740,0.1313,-0.0025,0.6799,-0.7333,0.0000,0.0775,-0.0004,0
-37.2965,-35.9420,-0.0550,0.0946,0.0911,0.9913,0.1575,-0.7138,-0.6879,0.1313,-0.0025,0.6939,-0.7201,0.0000,0.0775,-0.0004,0
-36.5957,-36.6553,-0.0550,0.0928,0.0929,0.9913,0.1575,-0.7004,-0.7016,0.1313,-0.0025,0.7077,-0.7065,0.0000,0.0775,-0.0004,0
-35.8812,-37.3550,-0.0550,0.0910,0.0947,0.9913,0.1575,-0.6867,-0.7149,0.1313,-0.0025,0.7212,-0.6927,0.0000,0.0775,-0.0004,0
-35.1534,-38.0407,-0.0550,0.0891,0.0965,0.9913,0.1575,-0.6728,-0.7281,0.1313,-0.0025,0.7344,-0.6787,0.0000,0.0775,-0.0004,0
-34.4125,-38.7123,-0.0550,0.0873,0.0982,0.9913,0.1575,-0.6586,-0.7409,0.1313,-0.0025,0.7474,-0.6644,0.0000,0.0775,-0.0004,0
-33.6587,-39.3694,-0.0550,0.0853,0.0998,0.9913,0.1575,-0.6442,-0.7535,0.1313,-0.0025,0.7601,-0.6498,0.0000,0.0775,-0.0004,0
-32.8924,-40.0118,-0.0550,0.0834,0.1015,0.9913,0.1575,-0.6295,-0.7658,0.1313,-0.0025,0.7725,-0.6350,0.0000,0.0775,-0.0004,0
-32.1138,-40.6394,-0.0550,0.0814,0.1030,0.9913,0.1575,-0.6146,-0.7778,0.1313,-0.0025,0.7846,-0.6200,0.0000,0.0775,-0.0004,0
-31.3233,-41.2518,-0.0550,0.0794,0.1046,0.9913,0.1575,-0.5995,-0.7895,0.1313,-0.0025,0.7964,-0.6047,0.0000,0.0775,-0.0004,0
-30.5211,-41.8488,-0.0550,0.0774,0.1061,0.9913,0.1575,-0.5841,-0.8010,0.1313,-0.0025,0.8079,-0.5893,0.0000,0.0775,-0.0004,0
-29.7075,-42.4302,-0.0550,0.0753,0.1076,0.9913,0.1575,-0.5686,-0.8121,0.1313,-0.0025,0.8192,-0.5735,0.0000,0.0775,-0.0004,0
-28.8828,-42.9958,-0.0550,0.0732,0.1090,0.9913,0.1575,-0.5528,-0.8229,0.1313,-0.0025,0.8301,-0.5576,0.0000,0.0775,-0.0004,0
-28.0474,-43.5454,-0.0550,0.0711,0.1104,0.9913,0.1575,-0.5368,-0.8334,0.1313,-0.0025,0.8407,-0.5415,0.0000,0.0775,-0.0004,0
-27.2015,-44.0787,-0.0550,0.0690,0.1118,0.9913,0.1575,-0.5206,-0.8436,0.1313,-0.0025,0.8510,-0.5252,0.0000,0.0775,-0.0004,0
-26.3455,-44.5956,-0.0550,0.0668,0.1131,0.9913,0.1575,-0.5042,-0.8535,0.1313,-0.0025,0.8610,-0.5086,0.0000,0.0775,-0.0004,0
-25.4797,-45.0959,-0.0550,0.0646,0.1143,0.9913,0.1575,-0.4877,-0.8631,0.1313,-0.0025,0.8706,-0.4919,0.0000,0.0775,-0.0004,0
-24.6043,-45.5794,-0.0550,0.0624,0.1156,0.9913,0.1575,-0.4709,-0.8724,0.1313,-0.0025,0.8800,-0.4750,0.0000,0.0775,-0.0004,0
-23.7198,-46.0459,-0.0550,0.0601,0.1168,0.9913,0.1575,-0.4540,-0.8813,0.1313,-0.0025,0.8890,-0.4579,0.0000,0.0775,-0.0004,0
-22.8265,-46.4953,-0.0550,0.0579,0.1179,0.9913,0.1575,-0.4369,-0.8899,0.1313,-0.0025,0.8977,-0.4407,0.0000,0.0775,-0.0004,0
-21.9246,-46.9273,-0.0550,0.0556,0.1190,0.9913,0.1575,-0.4196,-0.8981,0.1313,-0.0025,0.9060,-0.4233,0.0000,0.0775,-0.0004,0
-21.0146,-47.3418,-0.0550,0.0533,0.1200,0.9913,0.1575,-0.4022,-0.9061,0.1313,-0.0025,0.9140,-0.4057,0.0000,0.0775,-0.0004,0
-20.0968,-47.7386,-0.0550,0.0510,0.1210,0.9913,0.1575,-0.3846,-0.9137,0.1313,-0.0025,0.9217,-0.3880,0.0000,0.0775,-0.0004,0
-19.1714,-48.1177,-0.0550,0.0486,0.1220,0.9913,0.1575,-0.3669,-0.9209,0.1313,-0.0025,0.9290,-0.3701,0.0000,0.0775,-0.0004,0
-18.2389,-48.4789,-0.0550,0.0462,0.1229,0.9913,0.1575,-0.3491,-0.9278,0.1313,-0.0025,0.9360,-0.3521,0.0000,0.0775,-0.0004,0
-17.2996,-48.8219,-0.0550,0.0439,0.1238,0.9913,0.1575,-0.3311,-0.9344,0.1313,-0.0025,0.9426,-0.3340,0.0000,0.0775,-0.0004,0
-16.3539,-49.1468,-0.0550,0.0415,0.1246,0.9913,0.1575,-0.3130,-0.9406,0.1313,-0.0025,0.9488,-0.3157,0.0000,0.0775,-0.0004,0
-15.4020,-49.4534,-0.0550,0.0391,0.1254,0.9913,0.1575,-0.2948,-0.9465,0.1313,-0.0025,0.9548,-0.2974,0.0000,0.0775,-0.0004,0
-14.4445,-49.7415,-0.0550,0.0366,0.1261,0.9913,0.1575,-0.2765,-0.9520,0.1313,-0.0025,0.9603,-0.2789,0.0000,0.0775,-0.0004,0
-13.4815,-50.0111,-0.0550,0.0342,0.1268,0.9913,0.1575,-0.2580,-0.9572,0.1313,-0.0025,0.9655,-0.2603,0.0000,0.0775,-0.0004,0
-12.5135,-50.2620,-0.0550,0.0317,0.1274,0.9913,0.1575,-0.2395,-0.9620,0.1313,-0.0025,0.9704,-0.2416,0.0000,0.0775,-0.0004,0
-11.5409,-50.4942,-0.0550,0.0293,0.1280,0.9913,0.1575,-0.2209,-0.9664,0.1313,-0.0025,0.9749,-0.2228,0.0000,0.0775,-0.0004,0
-10.5639,-50.7076,-0.0550,0.0268,0.1286,0.9913,0.1575,-0.2022,-0.9705,0.1313,-0.0025,0.9790,-0.2040,0.0000,0.0775,-0.0004,0
-9.5830,-50.9021,-0.0550,0.0243,0.1291,0.9913,0.1575,-0.1834,-0.9742,0.1313,-0.0025,0.9827,-0.1850,0.0000,0.0775,-0.0004,0
-8.5986,-51.0776,-0.0550,0.0218,0.1295,0.9913,0.1575,-0.1646,-0.9776,0.1313,-0.0025,0.9861,-0.1660,0.0000,0.0775,-0.0004,0
-7.6109,-51.2341,-0.0550,0.0193,0.1299,0.9913,0.1575,-0.1457,-0.9806,0.1313,-0.0025,0.9891,-0.1469,0.0000,0.0775,-0.0004,0
-6.6204,-51.3715,-0.0550,0.0168,0.1303,0.9913,0.1575,-0.1267,-0.9832,0.1313,-0.0025,0.9918,-0.1278,0.0000,0.0775,-0.0004,0
-5.6274,-51.4897,-0.0550,0.0143,0.1306,0.9913,0.1575,-0.1077,-0.9855,0.1313,-0.0025,0.9941,-0.1086,0.0000,0.0775,-0.0004,0
-4.6324,-51.5887,-0.0550,0.0117,0.1308,0.9913,0.1575,-0.0887,-0.9874,0.1313,-0.0025,0.9960,-0.0894,0.0000,0.0775,-0.0004,0
-3.6356,-51.6686,-0.0550,0.0092,0.1310,0.9913,0.1575,-0.0696,-0.9889,0.1313,-0.0025,0.9975,-0.0702,0.0000,0.0775,-0.0004,0
-2.6374,-51.7291,-0.0550,0.0067,0.1312,0.9913,0.1575,-0.0505,-0.9901,0.1313,-0.0025,0.9987,-0.0509,0.0000,0.0775,-0.0004,0
-1.6383,-51.7704,-0.0550,0.0042,0.1313,0.9913,0.1575,-0.0314,-0.9908,0.1313,-0.0025,0.9995,-0.0316,0.0000,0.0775,-0.0004,0
-0.6385,-51.7924,-0.0550,0.0016,0.1313,0.9913,0.1575,-0.0122,-0.9913,0.1313,-0.0025,0.9999,-0.0123,0.0000,0.0775,-0.0004,0
0.3614,-51.7950,-0.0550,-0.0009,0.1313,0.9913,0.1575,0.0069,-0.9913,0.1313,-0.0025,1.0000,0.0070,-0.0000,0.0775,-0.0004,0
1.3613,-51.7784,-0.0550,-0.0035,0.1313,0.9913,0.1575,0.0261,-0.9910,0.1313,-0.0025,0.9997,0.0263,-0.0000,0.0775,-0.0004,0
2.3606,-51.7425,-0.0550,-0.0060,0.1312,0.9913,0.1575,0.0452,-0.9903,0.1313,-0.0025,0.9990,0.0456,-0.0000,0.0775,-0.0004,0
3.3591,-51.6873,-0.0550,-0.0085,0.1311,0.9913,0.1575,0.0643,-0.9893,0.1313,-0.0025,0.9979,0.0649,-0.0000,0.0775,-0.0004,0
4.3563,-51.6128,-0.0550,-0.0110,0.1309,0.9913,0.1575,0.0834,-0.9878,0.1313,-0.0025,0.9965,0.0841,-0.0000,0.0775,-0.0004,0
5.3519,-51.5191,-0.0550,-0.0136,0.1306,0.9913,0.1575,0.1024,-0.9860,0.1313,-0.0025,0.9946,0.1033,-0.0000,0.0775,-0.0004,0
6.3455,-51.4062,-0.0550,-0.0161,0.1303,0.9913,0.1575,0.1214,-0.9839,0.1313,-0.0025,0.9925,0.1225,-0.0000,0.0775,-0.0004,0
7.3367,-51.2741,-0.0550,-0.0186,0.1300,0.9913,0.1575,0.1404,-0.9813,0.1313,-0.0025,0.9899,0.1416,-0.0000,0.0775,-0.0004,0
8.3252,-51.1229,-0.0550,-0.0211,0.1296,0.9913,0.1575,0.1593,-0.9784,0.1313,-0.0025,0.9870,0.1607,-0.0000,0.0775,-0.0004,0
9.3106,-50.9526,-0.0550,-0.0236,0.1292,0.9913,0.1575,0.1782,-0.9752,0.1313,-0.0025,0.9837,0.1798,-0.0000,0.0775,-0.0004,0
10.2925,-50.7634,-0.0550,-0.0261,0.1287,0.9913,0.1575,0.1970,-0.9716,0.1313,-0.0025,0.9801,0.1987,-0.0000,0.0775,-0.0004,0
11.2706,-50.5552,-0.0550,-0.0286,0.1282,0.9913,0.1575,0.2157,-0.9676,0.1313,-0.0025,0.9760,0.2176,-0.0000,0.0775,-0.0004,0
12.2444,-50.3282,-0.0550,-0.0310,0.1276,0.9913,0.1575,0.2343,-0.9632,0.1313,-0.0025,0.9717,0.2364,-0.0000,0.0775,-0.0004,0
13.2137,-50.0825,-0.0550,-0.0335,0.1270,0.9913,0.1575,0.2529,-0.9585,0.1313,-0.0025,0.9669,0.2551,-0.0000,0.0775,-0.0004,0
14.1781,-49.8180,-0.0550,-0.0359,0.1263,0.9913,0.1575,0.2714,-0.9535,0.1313,-0.0025,0.9618,0.2737,-0.0000,0.0775,-0.0004,0
15.1372,-49.5350,-0.0550,-0.0384,0.1256,0.9913,0.1575,0.2897,-0.9481,0.1313,-0.0025,0.9563,0.2922,-0.0000,0.0775,-0.0004,0
16.0907,-49.2336,-0.0550,-0.0408,0.1248,0.9913,0.1575,0.3080,-0.9423,0.1313,-0.0025,0.9505,0.3107,-0.0000,0.0775,-0.0004,0
17.0382,-48.9138,-0.0550,-0.0432,0.1240,0.9913,0.1575,0.3261,-0.9362,0.1313,-0.0025,0.9443,0.3289,-0.0000,0.0775,-0.0004,0
17.9793,-48.5757,-0.0550,-0.0456,0.1232,0.9913,0.1575,0.3441,-0.9297,0.1313,-0.0025,0.9378,0.3471,-0.0000,0.0775,-0.0004,0
18.9137,-48.2196,-0.0550,-0.0480,0.1223,0.9913,0.1575,0.3620,-0.9229,0.1313,-0.0025,0.9309,0.3652,-0.0000,0.0775,-0.0004,0
19.8411,-47.8455,-0.0550,-0.0503,0.1213,0.9913,0.1575,0.3797,-0.9157,0.1313,-0.0025,0.9237,0.3831,-0.0000,0.0775,-0.0004,0
20.7610,-47.4535,-0.0550,-0.0526,0.1203,0.9913,0.1575,0.3973,-0.9082,0.1313,-0.0025,0.9162,0.4008,-0.0000,0.0775,-0.0004,0
21.6733,-47.0439,-0.0550,-0.0550,0.1193,0.9913,0.1575,0.4148,-0.9004,0.1313,-0.0025,0.9082,0.4184,-0.0000,0.0775,-0.0004,0
22.5774,-46.6167,-0.0550,-0.0572,0.1182,0.9913,0.1575,0.4321,-0.8922,0.1313,-0.0025,0.9000,0.4359,-0.0000,0.0775,-0.0004,0
23.4732,-46.1722,-0.0550,-0.0595,0.1171,0.9913,0.1575,0.4493,-0.8837,0.1313,-0.0025,0.8914,0.4532,-0.0000,0.0775,-0.0004,0
24.3601,-45.7104,-0.0550,-0.0618,0.1159,0.9913,0.1575,0.4662,-0.8749,0.1313,-0.0025,0.8825,0.4703,-0.0000,0.0775,-0.0004,0
25.2381,-45.2316,-0.0550,-0.0640,0.1147,0.9913,0.1575,0.4830,-0.8657,0.1313,-0.0025,0.8733,0.4873,-0.0000,0.0775,-0.0004,0
26.1066,-44.7360,-0.0550,-0.0662,0.1134,0.9913,0.1575,0.4997,-0.8562,0.1313,-0.0025,0.8637,0.5040,-0.0000,0.0775,-0.0004,0
26.9653,-44.2236,-0.0550,-0.0684,0.1121,0.9913,0.1575,0.5161,-0.8464,0.1313,-0.0025,0.8538,0.5206,-0.0000,0.0775,-0.0004,0
27.8140,-43.6948,-0.0550,-0.0705,0.1108,0.9913,0.1575,0.5323,-0.8363,0.1313,-0.0025,0.8436,0.5370,-0.0000,0.0775,-0.0004,0
28.6524,-43.1497,-0.0550,-0.0726,0.1094,0.9913,0.1575,0.5484,-0.8258,0.1313,-0.0025,0.8331,0.5532,-0.0000,0.0775,-0.0004,0
29.4801,-42.5885,-0.0550,-0.0747,0.1080,0.9913,0.1575,0.5642,-0.8151,0.1313,-0.0025,0.8222,0.5692,-0.0000,0.0775,-0.0004,0
30.2968,-42.0115,-0.0550,-0.0768,0.1065,0.9913,0.1575,0.5799,-0.8041,0.1313,-0.0025,0.8111,0.5849,-0.0000,0.0775,-0.0004,0
31.1021,-41.4188,-0.0550,-0.0789,0.1050,0.9913,0.1575,0.5953,-0.7927,0.1313,-0.0025,0.7996,0.6005,-0.0000,0.0775,-0.0004,0
31.8960,-40.8106,-0.0550,-0.0809,0.1035,0.9913,0.1575,0.6105,-0.7811,0.1313,-0.0025,0.7879,0.6158,-0.0000,0.0775,-0.0004,0
32.6779,-40.1872,-0.0550,-0.0829,0.1019,0.9913,0.1575,0.6254,-0.7692,0.1313,-0.0025,0.7759,0.6309,-0.0000,0.0775,-0.0004,0
33.4476,-39.5489,-0.0550,-0.0848,0.1003,0.9913,0.1575,0.6402,-0.7569,0.1313,-0.0025,0.7635,0.6458,-0.0000,0.0775,-0.0004,0
34.2049,-38.8958,-0.0550,-0.0867,0.0986,0.9913,0.1575,0.6547,-0.7444,0.1313,-0.0025,0.7509,0.6604,-0.0000,0.0775,-0.0004,0
34.9494,-38.2282,-0.0550,-0.0886,0.0969,0.9913,0.1575,0.6689,-0.7317,0.1313,-0.0025,0.7380,0.6747,-0.0000,0.0775,-0.0004,0
35.6809,-37.5464,-0.0550,-0.0905,0.0952,0.9913,0.1575,0.6829,-0.7186,0.1313,-0.0025,0.7249,0.6889,-0.0000,0.0775,-0.0004,0
36.3991,-36.8506,-0.0550,-0.0923,0.0934,0.9913,0.1575,0.6966,-0.7053,0.1313,-0.0025,0.7115,0.7027,-0.0000,0.0775,-0.0004,0
37.1037,-36.1410,-0.0550,-0.0941,0.0916,0.9913,0.1575,0.7101,-0.6917,0.1313,-0.0025,0.6978,0.7163,-0.0000,0.0775,-0.0004,0
37.7945,-35.4180,-0.0550,-0.0958,0.0898,0.9913,0.1575,0.7234,-0.6779,0.1313,-0.0025,0.6838,0.7297,-0.0000,0.0775,-0.0004,0
38.4712,-34.6818,-0.0550,-0.0975,0.0879,0.9913,0.1575,0.7363,-0.6638,0.1313,-0.0025,0.6696,0.7427,-0.0000,0.0775,-0.0004,0
39.1336,-33.9326,-0.0550,-0.0992,0.0860,0.9913,0.1575,0.7490,-0.6494,0.1313,-0.0025,0.6551,0.7555,-0.0000,0.0775,-0.0004,0
39.7813,-33.1708,-0.0550,-0.1009,0.0841,0.9913,0.1575,0.7614,-0.6349,0.1313,-0.0025,0.6404,0.7680,-0.0000,0.0775,-0.0004,0
40.4143,-32.3966,-0.0550,-0.1025,0.0821,0.9913,0.1575,0.7735,-0.6200,0.1313,-0.0025,0.6255,0.7803,-0.0000,0.0775,-0.0004,0
41.0322,-31.6104,-0.0550,-0.1040,0.0801,0.9913,0.1575,0.7853,-0.6050,0.1313,-0.0025,0.6103,0.7922,-0.0000,0.0775,-0.0004,0
41.6348,-30.8124,-0.0550,-0.1056,0.0781,0.9913,0.1575,0.7969,-0.5897,0.1313,-0.0025,0.5949,0.8038,-0.0000,0.0775,-0.0004,0
42.2219,-30.0029,-0.0550,-0.1071,0.0761,0.9913,0.1575,0.8081,-0.5742,0.1313,-0.0025,0.5792,0.8152,-0.0000,0.0775,-0.0004,0
42.7932,-29.1822,-0.0550,-0.1085,0.0740,0.9913,0.1575,0.8190,-0.5585,0.1313,-0.0025,0.5634,0.8262,-0.0000,0.0775,-0.0004,0
43.3486,-28.3506,-0.0550,-0.1099,0.0719,0.9913,0.1575,0.8297,-0.5426,0.1313,-0.0025,0.5473,0.8369,-0.0000,0.0775,-0.0004,0
43.8878,-27.5085,-0.0550,-0.1113,0.0697,0.9913,0.1575,0.8400,-0.5265,0.1313,-0.0025,0.5311,0.8473,-0.0000,0.0775,-0.0004,0
44.4107,-26.6561,-0.0550,-0.1126,0.0676,0.9913,0.1575,0.8500,-0.5102,0.1313,-0.0025,0.5146,0.8574,-0.0000,0.0775,-0.0004,0
44.9170,-25.7937,-0.0550,-0.1139,0.0654,0.9913,0.1575,0.8597,-0.4937,0.1313,-0.0025,0.4980,0.8672,-0.0000,0.0775,-0.0004,0
45.4066,-24.9218,-0.0550,-0.1151,0.0632,0.9913,0.1575,0.8690,-0.4770,0.1313,-0.0025,0.4812,0.8766,-0.0000,0.0775,-0.0004,0
45.8793,-24.0406,-0.0550,-0.1163,0.0610,0.9913,0.1575,0.8781,-0.4601,0.1313,-0.0025,0.4641,0.8858,-0.0000,0.0775,-0.0004,0
46.3348,-23.1504,-0.0550,-0.1175,0.0587,0.9913,0.1575,0.8868,-0.4431,0.1313,-0.0025,0.4470,0.8946,-0.0000,0.0775,-0.0004,0
46.7731,-22.2516,-0.0550,-0.1186,0.0564,0.9913,0.1575,0.8952,-0.4259,0.1313,-0.0025,0.4296,0.9030,-0.0000,0.0775,-0.0004,0
47.1940,-21.3445,-0.0550,-0.1197,0.0541,0.9913,0.1575,0.9033,-0.4085,0.1313,-0.0025,0.4121,0.9111,-0.0000,0.0775,-0.0004,0
47.5972,-20.4294,-0.0550,-0.1207,0.0518,0.9913,0.1575,0.9110,-0.3910,0.1313,-0.0025,0.3944,0.9189,-0.0000,0.0775,-0.0004,0
47.9828,-19.5067,-0.0550,-0.1217,0.0495,0.9913,0.1575,0.9184,-0.3733,0.1313,-0.0025,0.3766,0.9264,-0.0000,0.0775,-0.0004,0
48.3504,-18.5768,-0.0550,-0.1226,0.0471,0.9913,0.1575,0.9254,-0.3555,0.1313,-0.0025,0.3587,0.9335,-0.0000,0.0775,-0.0004,0
48.7000,-17.6399,-0.0550,-0.1235,0.0447,0.9913,0.1575,0.9321,-0.3376,0.1313,-0.0025,0.3406,0.9402,-0.0000,0.0775,-0.0004,0
49.0315,-16.6964,-0.0550,-0.1243,0.0423,0.9913,0.1575,0.9384,-0.3196,0.1313,-0.0025,0.3223,0.9466,-0.0000,0.0775,-0.0004,0
49.3447,-15.7468,-0.0550,-0.1251,0.0399,0.9913,0.1575,0.9444,-0.3014,0.1313,-0.0025,0.3040,0.9527,-0.0000,0.0775,-0.0004,0
49.6395,-14.7912,-0.0550,-0.1259,0.0375,0.9913,0.1575,0.9501,-0.2831,0.1313,-0.0025,0.2856,0.9584,-0.0000,0.0775,-0.0004,0
49.9158,-13.8302,-0.0550,-0.1266,0.0351,0.9913,0.1575,0.9553,-0.2647,0.1313,-0.0025,0.2670,0.9637,-0.0000,0.0775,-0.0004,0
50.1735,-12.8639,-0.0550,-0.1272,0.0326,0.9913,0.1575,0.9603,-0.2462,0.1313,-0.0025,0.2484,0.9687,-0.0000,0.0775,-0.0004,0
50.4124,-11.8929,-0.0550,-0.1278,0.0302,0.9913,0.1575,0.9649,-0.2276,0.1313,-0.0025,0.2296,0.9733,-0.0000,0.0775,-0.0004,0
50.6327,-10.9175,-0.0550,-0.1284,0.0277,0.9913,0.1575,0.9691,-0.2090,0.1313,-0.0025,0.2108,0.9775,-0.0000,0.0775,-0.0004,0
50.8340,-9.9380,-0.0550,-0.1289,0.0252,0.9913,0.1575,0.9729,-0.1902,0.1313,-0.0025,0.1919,0.9814,-0.0000,0.0775,-0.0004,0
51.0164,-8.9548,-0.0550,-0.1294,0.0227,0.9913,0.1575,0.9764,-0.1714,0.1313,-0.0025,0.1729,0.9849,-0.0000,0.0775,-0.0004,0
51.1797,-7.9682,-0.0550,-0.1298,0.0202,0.9913,0.1575,0.9795,-0.1525,0.1313,-0.0025,0.1538,0.9881,-0.0000,0.0775,-0.0004,0
51.3240,-6.9787,-0.0550,-0.1301,0.0177,0.9913,0.1575,0.9823,-0.1336,0.1313,-0.0025,0.1347,0.9909,-0.0000,0.0775,-0.0004,0
