contactPntX,contactPntY,contactPntZ,normalX,normalY,normalZ,maxCurvature,maxCurvDirectionX,maxCurvDirectionY,maxCurvDirectionZ,minCurvature,minCurvDirectionX,minCurvDirectionY,minCurvDirectionZ,meanCurvature,GaussianCurvature,endOfRevolution(T/F)
60.0258,-0.0000,-0.0550,-0.1313,-0.0000,0.9913,0.1575,0.9913,0.0000,0.1313,-0.0022,-0.0000,1.0000,-0.0000,0.0776,-0.0003,0
60.0173,1.0000,-0.0550,-0.1314,-0.0022,0.9913,0.1575,0.9912,0.0165,0.1314,-0.0022,-0.0167,0.9999,0.0000,0.0776,-0.0003,0
59.9923,1.9996,-0.0550,-0.1313,-0.0044,0.9913,0.1575,0.9908,0.0330,0.1314,-0.0022,-0.0333,0.9994,0.0000,0.0776,-0.0003,0
59.9508,2.9988,-0.0550,-0.1312,-0.0066,0.9913,0.1575,0.9901,0.0495,0.1313,-0.0022,-0.0500,0.9988,0.0000,0.0776,-0.0003,0
59.8924,3.9970,-0.0550,-0.1311,-0.0087,0.9913,0.1575,0.9891,0.0660,0.1314,-0.0022,-0.0666,0.9978,0.0000,0.0776,-0.0003,0
59.8174,4.9942,-0.0550,-0.1309,-0.0109,0.9913,0.1575,0.9879,0.0825,0.1314,-0.0022,-0.0832,0.9965,0.0000,0.0776,-0.0003,0
59.7261,5.9900,-0.0550,-0.1307,-0.0131,0.9913,0.1575,0.9864,0.0989,0.1313,-0.0022,-0.0998,0.9950,0.0000,0.0776,-0.0003,0
59.6180,6.9841,-0.0550,-0.1305,-0.0153,0.9913,0.1575,0.9846,0.1153,0.1314,-0.0022,-0.1164,0.9932,0.0000,0.0776,-0.0003,0
59.4932,7.9763,-0.0550,-0.1302,-0.0175,0.9913,0.1575,0.9825,0.1317,0.1314,-0.0022,-0.1329,0.9911,0.0000,0.0776,-0.0003,0
59.3523,8.9663,-0.0550,-0.1299,-0.0196,0.9913,0.1575,-0.9802,-0.1481,-0.1314,-0.0022,-0.1494,0.9888,-0.0000,0.0776,-0.0003,0
59.1946,9.9538,-0.0550,-0.1295,-0.0218,0.9913,0.1575,-0.9776,-0.1644,-0.1314,-0.0022,-0.1658,0.9862,-0.0000,0.0776,-0.0003,0
59.0205,10.9385,-0.0550,-0.1292,-0.0239,0.9913,0.1575,-0.9747,-0.1807,-0.1314,-0.0022,-0.1822,0.9833,-0.0000,0.0776,-0.0003,0
58.8302,11.9202,-0.0550,-0.1287,-0.0261,0.9913,0.1575,-0.9716,-0.1969,-0.1314,-0.0022,-0.1986,0.9801,-0.0000,0.0776,-0.0003,0
58.6234,12.8986,-0.0550,-0.1283,-0.0282,0.9913,0.1575,-0.9682,-0.2130,-0.1314,-0.0022,-0.2149,0.9766,-0.0000,0.0776,-0.0003,0
58.4003,13.8734,-0.0550,-0.1278,-0.0304,0.9913,0.1575,-0.9645,-0.2291,-0.1314,-0.0022,-0.2311,0.9729,-0.0000,0.0776,-0.0003,0
58.1612,14.8444,-0.0550,-0.1273,-0.0325,0.9913,0.1575,-0.9605,-0.2452,-0.1314,-0.0022,-0.2473,0.9689,-0.0000,0.0776,-0.0003,0
57.9059,15.8112,-0.0550,-0.1267,-0.0346,0.9913,0.1575,-0.9563,-0.2611,-0.1314,-0.0022,-0.2634,0.9647,-0.0000,0.0776,-0.0003,0
57.6343,16.7736,-0.0550,-0.1261,-0.0367,0.9913,0.1575,-0.9518,-0.2770,-0.1314,-0.0022,-0.2794,0.9602,-0.0000,0.0776,-0.0003,0
57.3470,17.7314,-0.0550,-0.1255,-0.0388,0.9913,0.1575,-0.9471,-0.2928,-0.1314,-0.0022,-0.2954,0.9554,-0.0000,0.0776,-0.0003,0
57.0437,18.6843,-0.0550,-0.1248,-0.0409,0.9913,0.1575,-0.9421,-0.3086,-0.1314,-0.0022,-0.3113,0.9503,-0.0000,0.0776,-0.0003,0
56.7244,19.6319,-0.0550,-0.1242,-0.0430,0.9913,0.1575,-0.9368,-0.3242,-0.1314,-0.0022,-0.3271,0.9450,-0.0000,0.0776,-0.0003,0
56.3896,20.5742,-0.0550,-0.1234,-0.0450,0.9913,0.1575,-0.9313,-0.3398,-0.1314,-0.0022,-0.3428,0.9394,-0.0000,0.0776,-0.0003,0
56.0390,21.5107,-0.0550,-0.1226,-0.0471,0.9913,0.1575,-0.9255,-0.3553,-0.1314,-0.0022,-0.3584,0.9336,-0.0000,0.0776,-0.0003,0
55.6728,22.4412,-0.0550,-0.1218,-0.0491,0.9913,0.1575,-0.9194,-0.3706,-0.1314,-0.0022,-0.3739,0.9275,-0.0000,0.0776,-0.0003,0
55.2914,23.3656,-0.0550,-0.1210,-0.0511,0.9913,0.1575,-0.9131,-0.3859,-0.1313,-0.0022,-0.3893,0.9211,-0.0000,0.0776,-0.0003,0
54.8944,24.2834,-0.0550,-0.1201,-0.0531,0.9913,0.1575,-0.9066,-0.4010,-0.1314,-0.0022,-0.4046,0.9145,-0.0000,0.0776,-0.0003,0
54.4821,25.1945,-0.0550,-0.1192,-0.0551,0.9913,0.1575,0.8998,0.4161,0.1314,-0.0022,-0.4197,0.9076,0.0000,0.0776,-0.0003,0
54.0551,26.0987,-0.0550,-0.1183,-0.0571,0.9913,0.1575,0.8927,0.4310,0.1313,-0.0022,-0.4348,0.9005,0.0000,0.0776,-0.0003,0
53.6127,26.9955,-0.0550,-0.1173,-0.0591,0.9913,0.1575,0.8854,0.4458,0.1314,-0.0022,-0.4497,0.8932,0.0000,0.0776,-0.0003,0
53.1555,27.8849,-0.0550,-0.1163,-0.0610,0.9913,0.1575,0.8779,0.4605,0.1314,-0.0022,-0.4645,0.8855,0.0000,0.0776,-0.0003,0
52.6838,28.7666,-0.0550,-0.1153,-0.0629,0.9913,0.1575,0.8701,0.4751,0.1313,-0.0022,-0.4792,0.8777,0.0000,0.0776,-0.0003,0
52.1971,29.6402,-0.0550,-0.1142,-0.0649,0.9913,0.1575,0.8620,0.4895,0.1314,-0.0022,-0.4938,0.8696,0.0000,0.0776,-0.0003,0
51.6960,30.5056,-0.0550,-0.1131,-0.0668,0.9913,0.1575,0.8538,0.5038,0.1314,-0.0022,-0.5082,0.8612,0.0000,0.0776,-0.0003,0
51.1809,31.3627,-0.0550,-0.1120,-0.0686,0.9913,0.1575,0.8453,0.5180,0.1313,-0.0022,-0.5225,0.8526,0.0000,0.0776,-0.0003,0
50.6511,32.2108,-0.0550,-0.1109,-0.0705,0.9913,0.1575,0.8365,0.5320,0.1314,-0.0022,-0.5366,0.8438,0.0000,0.0776,-0.0003,0
50.1075,33.0501,-0.0550,-0.1097,-0.0723,0.9913,0.1575,0.8275,0.5458,0.1314,-0.0022,-0.5506,0.8348,0.0000,0.0776,-0.0003,0
49.5501,33.8804,-0.0550,-0.1084,-0.0741,0.9913,0.1575,0.8183,0.5595,0.1313,-0.0022,-0.5644,0.8255,0.0000,0.0776,-0.0003,0
48.9787,34.7010,-0.0550,-0.1072,-0.0759,0.9913,0.1575,0.8089,0.5731,0.1314,-0.0022,-0.5781,0.8160,0.0000,0.0776,-0.0003,0
48.3939,35.5121,-0.0550,-0.1059,-0.0777,0.9913,0.1575,0.7992,0.5865,0.1314,-0.0022,-0.5916,0.8062,0.0000,0.0776,-0.0003,0
47.7956,36.3134,-0.0550,-0.1046,-0.0795,0.9913,0.1575,0.7894,0.5997,0.1313,-0.0022,-0.6050,0.7963,0.0000,0.0776,-0.0003,0
47.1839,37.1045,-0.0550,-0.1033,-0.0812,0.9913,0.1575,0.7793,0.6128,0.1314,-0.0022,-0.6181,0.7861,0.0000,0.0776,-0.0003,0
46.5593,37.8854,-0.0550,-0.1019,-0.0829,0.9913,0.1575,0.7689,0.6257,0.1314,-0.0022,-0.6312,0.7757,0.0000,0.0776,-0.0003,0
45.9218,38.6558,-0.0550,-0.1005,-0.0846,0.9913,0.1575,0.7584,0.6384,0.1314,-0.0022,-0.6440,0.7650,0.0000,0.0776,-0.0003,0
45.2714,39.4154,-0.0550,-0.0991,-0.0863,0.9913,0.1575,0.7477,0.6510,0.1314,-0.0022,-0.6566,0.7542,0.0000,0.0776,-0.0003,0
44.6086,40.1642,-0.0550,-0.0976,-0.0879,0.9913,0.1575,0.7367,0.6633,0.1314,-0.0022,-0.6691,0.7432,0.0000,0.0776,-0.0003,0
43.9333,40.9017,-0.0550,-0.0961,-0.0895,0.9913,0.1575,0.7256,0.6755,0.1314,-0.0022,-0.6814,0.7319,0.0000,0.0776,-0.0003,0
43.2457,41.6278,-0.0550,-0.0947,-0.0911,0.9913,0.1575,0.7142,0.6875,0.1314,-0.0022,-0.6935,0.7205,0.0000,0.0776,-0.0003,0
42.5464,42.3426,-0.0550,-0.0931,-0.0926,0.9913,0.1575,0.7027,0.6993,0.1313,-0.0022,-0.7054,0.7088,0.0000,0.0776,-0.0003,0
41.8350,43.0454,-0.0550,-0.0916,-0.0942,0.9913,0.1575,0.6909,0.7109,0.1314,-0.0022,-0.7171,0.6970,0.0000,0.0776,-0.0003,0
41.1121,43.7363,-0.0550,-0.0900,-0.0957,0.9913,0.1575,0.6790,0.7223,0.1314,-0.0022,-0.7286,0.6849,0.0000,0.0776,-0.0003,0
40.3780,44.4153,-0.0550,-0.0883,-0.0972,0.9913,0.1575,0.6669,0.7335,0.1313,-0.0022,-0.7399,0.6727,0.0000,0.0776,-0.0003,0
39.6323,45.0816,-0.0550,-0.0867,-0.0987,0.9913,0.1575,0.6545,0.7445,0.1314,-0.0022,-0.7510,0.6603,0.0000,0.0776,-0.0003,0
38.8758,45.7356,-0.0550,-0.0851,-0.1001,0.9913,0.1575,0.6420,0.7553,0.1314,-0.0022,-0.7619,0.6477,0.0000,0.0776,-0.0003,0
38.1086,46.3770,-0.0550,-0.0834,-0.1015,0.9913,0.1575,0.6294,0.7659,0.1313,-0.0022,-0.7726,0.6349,0.0000,0.0776,-0.0003,0
37.3306,47.0052,-0.0550,-0.0817,-0.1029,0.9913,0.1575,0.6165,0.7763,0.1314,-0.0022,-0.7831,0.6219,0.0000,0.0776,-0.0003,0
36.5425,47.6207,-0.0550,-0.0800,-0.1042,0.9913,0.1575,0.6035,0.7865,0.1314,-0.0022,-0.7933,0.6088,0.0000,0.0776,-0.0003,0
35.7441,48.2228,-0.0550,-0.0782,-0.1055,0.9913,0.1575,0.5903,0.7964,0.1314,-0.0022,-0.8034,0.5955,0.0000,0.0776,-0.0003,0
34.9357,48.8115,-0.0550,-0.0765,-0.1068,0.9913,0.1575,0.5770,0.8061,0.1314,-0.0022,-0.8132,0.5820,0.0000,0.0776,-0.0003,0
34.1178,49.3868,-0.0550,-0.0747,-0.1081,0.9913,0.1575,0.5635,0.8156,0.1314,-0.0022,-0.8228,0.5684,0.0000,0.0776,-0.0003,0
33.2904,49.9483,-0.0550,-0.0729,-0.1093,0.9913,0.1575,0.5498,0.8249,0.1314,-0.0022,-0.8321,0.5546,0.0000,0.0776,-0.0003,0
32.4536,50.4958,-0.0550,-0.0710,-0.1105,0.9913,0.1575,0.5360,0.8339,0.1314,-0.0022,-0.8412,0.5407,0.0000,0.0776,-0.0003,0
31.6080,51.0296,-0.0550,-0.0692,-0.1117,0.9913,0.1575,0.5220,0.8428,0.1313,-0.0022,-0.8501,0.5266,0.0000,0.0776,-0.0003,0
30.7535,51.5490,-0.0550,-0.0673,-0.1128,0.9913,0.1575,0.5079,0.8513,0.1314,-0.0022,-0.8588,0.5123,0.0000,0.0776,-0.0003,0
29.8904,52.0541,-0.0550,-0.0654,-0.1139,0.9913,0.1575,0.4936,0.8597,0.1314,-0.0022,-0.8672,0.4980,0.0000,0.0776,-0.0003,0
29.0193,52.5451,-0.0550,-0.0635,-0.1150,0.9913,0.1575,0.4793,0.8678,0.1313,-0.0022,-0.8754,0.4834,0.0000,0.0776,-0.0003,0
28.1398,53.0210,-0.0550,-0.0616,-0.1160,0.9913,0.1575,0.4647,0.8757,0.1314,-0.0022,-0.8833,0.4688,0.0000,0.0776,-0.0003,0
27.2526,53.4824,-0.0550,-0.0596,-0.1170,0.9913,0.1575,0.4501,0.8833,0.1314,-0.0022,-0.8910,0.4540,0.0000,0.0776,-0.0003,0
26.3580,53.9291,-0.0550,-0.0577,-0.1180,0.9913,0.1575,0.4353,0.8907,0.1313,-0.0022,-0.8984,0.4391,0.0000,0.0776,-0.0003,0
25.4558,54.3605,-0.0550,-0.0557,-0.1190,0.9913,0.1575,0.4204,0.8978,0.1314,-0.0022,-0.9056,0.4241,0.0000,0.0776,-0.0003,0
24.5467,54.7771,-0.0550,-0.0537,-0.1199,0.9913,0.1575,-0.4054,-0.9047,-0.1314,-0.0022,-0.9126,0.4089,-0.0000,0.0776,-0.0003,0
23.6308,55.1785,-0.0550,-0.0517,-0.1207,0.9913,0.1575,-0.3903,-0.9113,-0.1314,-0.0022,-0.9192,0.3937,-0.0000,0.0776,-0.0003,0
22.7083,55.5644,-0.0550,-0.0497,-0.1216,0.9913,0.1575,-0.3750,-0.9177,-0.1314,-0.0022,-0.9257,0.3783,-0.0000,0.0776,-0.0003,0
21.7796,55.9351,-0.0550,-0.0477,-0.1224,0.9913,0.1575,-0.3597,-0.9238,-0.1314,-0.0022,-0.9319,0.3628,-0.0000,0.0776,-0.0003,0
20.8447,56.2901,-0.0550,-0.0456,-0.1232,0.9913,0.1575,-0.3443,-0.9296,-0.1314,-0.0022,-0.9378,0.3473,-0.0000,0.0776,-0.0003,0
19.9041,56.6294,-0.0550,-0.0436,-0.1239,0.9913,0.1575,-0.3287,-0.9352,-0.1314,-0.0022,-0.9434,0.3316,-0.0000,0.0776,-0.0003,0
18.9580,56.9534,-0.0550,-0.0415,-0.1246,0.9913,0.1575,-0.3131,-0.9406,-0.1313,-0.0022,-0.9488,0.3158,-0.0000,0.0776,-0.0003,0
18.0066,57.2611,-0.0550,-0.0394,-0.1253,0.9913,0.1575,-0.2974,-0.9457,-0.1314,-0.0022,-0.9539,0.3000,-0.0000,0.0776,-0.0003,0
17.0501,57.5531,-0.0550,-0.0373,-0.1260,0.9913,0.1575,-0.2816,-0.9505,-0.1314,-0.0022,-0.9588,0.2840,-0.0000,0.0776,-0.0003,0
16.0891,57.8294,-0.0550,-0.0352,-0.1265,0.9913,0.1575,-0.2657,-0.9551,-0.1313,-0.0022,-0.9634,0.2680,-0.0000,0.0776,-0.0003,0
15.1234,58.0892,-0.0550,-0.0331,-0.1271,0.9913,0.1575,-0.2498,-0.9594,-0.1314,-0.0022,-0.9677,0.2519,-0.0000,0.0776,-0.0003,0
14.1536,58.3331,-0.0550,-0.0310,-0.1277,0.9913,0.1575,-0.2337,-0.9634,-0.1314,-0.0022,-0.9718,0.2358,-0.0000,0.0776,-0.0003,0
13.1800,58.5610,-0.0550,-0.0288,-0.1281,0.9913,0.1575,-0.2177,-0.9671,-0.1313,-0.0022,-0.9756,0.2196,-0.0000,0.0776,-0.0003,0
12.2025,58.7722,-0.0550,-0.0267,-0.1286,0.9913,0.1575,-0.2015,-0.9706,-0.1314,-0.0022,-0.9791,0.2033,-0.0000,0.0776,-0.0003,0
11.2218,58.9673,-0.0550,-0.0246,-0.1290,0.9913,0.1575,-0.1853,-0.9739,-0.1314,-0.0022,-0.9824,0.1869,-0.0000,0.0776,-0.0003,0
10.2379,59.1462,-0.0550,-0.0224,-0.1294,0.9913,0.1575,-0.1691,-0.9768,-0.1313,-0.0022,-0.9853,0.1706,-0.0000,0.0776,-0.0003,0
9.2512,59.3084,-0.0550,-0.0202,-0.1298,0.9913,0.1575,-0.1528,-0.9795,-0.1314,-0.0022,-0.9881,0.1541,-0.0000,0.0776,-0.0003,0
8.2619,59.4544,-0.0550,-0.0181,-0.1301,0.9913,0.1575,-0.1364,-0.9819,-0.1314,-0.0022,-0.9905,0.1376,-0.0000,0.0776,-0.0003,0
7.2703,59.5838,-0.0550,-0.0159,-0.1304,0.9913,0.1575,-0.1201,-0.9840,-0.1314,-0.0022,-0.9926,0.1211,-0.0000,0.0776,-0.0003,0
6.2767,59.6965,-0.0550,-0.0137,-0.1307,0.9913,0.1575,-0.1037,-0.9859,-0.1314,-0.0022,-0.9945,0.1046,-0.0000,0.0776,-0.0003,0
5.2814,59.7929,-0.0550,-0.0116,-0.1308,0.9913,0.1575,-0.0872,-0.9875,-0.1314,-0.0022,-0.9961,0.0880,-0.0000,0.0776,-0.0003,0
4.2846,59.8725,-0.0550,-0.0094,-0.1310,0.9913,0.1575,-0.0708,-0.9888,-0.1314,-0.0022,-0.9974,0.0714,-0.0000,0.0776,-0.0003,0
3.2866,59.9355,-0.0550,-0.0072,-0.1312,0.9913,0.1575,-0.0543,-0.9898,-0.1314,-0.0022,-0.9985,0.0548,-0.0000,0.0776,-0.0003,0
2.2877,59.9822,-0.0550,-0.0050,-0.1312,0.9913,0.1575,-0.0378,-0.9906,-0.1313,-0.0022,-0.9993,0.0381,-0.0000,0.0776,-0.0003,0
1.2881,60.0118,-0.0550,-0.0028,-0.1313,0.9913,0.1575,-0.0213,-0.9911,-0.1314,-0.0022,-0.9998,0.0215,-0.0000,0.0776,-0.0003,0
0.2882,60.0249,-0.0550,-0.0006,-0.1314,0.9913,0.1575,0.0048,0.9913,0.1314,-0.0022,-1.0000,0.0048,0.0000,0.0776,-0.0003,0
-0.7118,60.0216,-0.0550,0.0016,-0.1313,0.9913,0.1575,-0.0118,0.9913,0.1313,-0.0022,-0.9999,-0.0119,0.0000,0.0776,-0.0003,0
-1.7115,60.0012,-0.0550,0.0037,-0.1313,0.9913,0.1575,-0.0283,0.9909,0.1314,-0.0022,-0.9996,-0.0285,0.0000,0.0776,-0.0003,0
-2.7109,59.9644,-0.0550,0.0059,-0.1312,0.9913,0.1575,-0.0448,0.9903,0.1314,-0.0022,-0.9990,-0.0452,0.0000,0.0776,-0.0003,0
-3.7094,59.9111,-0.0550,0.0081,-0.1311,0.9913,0.1575,-0.0613,0.9894,0.1313,-0.0022,-0.9981,-0.0618,0.0000,0.0776,-0.0003,0
-4.7069,59.8407,-0.0550,0.0103,-0.1310,0.9913,0.1575,-0.0777,0.9883,0.1314,-0.0022,-0.9969,-0.0784,0.0000,0.0776,-0.0003,0
-5.7032,59.7541,-0.0550,0.0125,-0.1308,0.9913,0.1575,-0.0942,0.9868,0.1314,-0.0022,-0.9955,-0.0950,0.0000,0.0776,-0.0003,0
-6.6978,59.6509,-0.0550,0.0147,-0.1305,0.9913,0.1575,-0.1106,0.9851,0.1314,-0.0022,-0.9938,-0.1116,0.0000,0.0776,-0.0003,0
-7.6906,59.5308,-0.0550,0.0168,-0.1303,0.9913,0.1575,-0.1270,0.9832,0.1314,-0.0022,-0.9918,-0.1281,0.0000,0.0776,-0.0003,0
-8.6812,59.3946,-0.0550,0.0190,-0.1300,0.9913,0.1575,-0.1434,0.9809,0.1314,-0.0022,-0.9895,-0.1446,0.0000,0.0776,-0.0003,0
-9.6695,59.2417,-0.0550,0.0212,-0.1296,0.9913,0.1575,-0.1597,0.9784,0.1314,-0.0022,-0.9869,-0.1611,0.0000,0.0776,-0.0003,0
-10.6550,59.0723,-0.0550,0.0233,-0.1293,0.9913,0.1575,-0.1760,0.9756,0.1314,-0.0022,-0.9841,-0.1775,0.0000,0.0776,-0.0003,0
-11.6376,58.8868,-0.0550,0.0255,-0.1289,0.9913,0.1575,-0.1922,0.9725,0.1314,-0.0022,-0.9810,-0.1939,0.0000,0.0776,-0.0003,0
-12.6170,58.6847,-0.0550,0.0276,-0.1284,0.9913,0.1575,-0.2084,0.9692,0.1314,-0.0022,-0.9777,-0.2102,0.0000,0.0776,-0.0003,0
-13.5928,58.4663,-0.0550,0.0298,-0.1280,0.9913,0.1575,-0.2245,0.9656,0.1314,-0.0022,-0.9740,-0.2265,0.0000,0.0776,-0.0003,0
-14.5649,58.2319,-0.0550,0.0319,-0.1274,0.9913,0.1575,-0.2405,0.9617,0.1313,-0.0022,-0.9701,-0.2426,0.0000,0.0776,-0.0003,0
-15.5329,57.9810,-0.0550,0.0340,-0.1269,0.9913,0.1575,-0.2565,0.9576,0.1314,-0.0022,-0.9659,-0.2588,0.0000,0.0776,-0.0003,0
-16.4967,57.7142,-0.0550,0.0361,-0.1263,0.9913,0.1575,-0.2724,0.9532,0.1314,-0.0022,-0.9615,-0.2748,0.0000,0.0776,-0.0003,0
-17.4559,57.4316,-0.0550,0.0382,-0.1257,0.9913,0.1575,-0.2883,0.9485,0.1313,-0.0022,-0.9568,-0.2908,0.0000,0.0776,-0.0003,0
-18.4101,57.1326,-0.0550,0.0403,-0.1250,0.9913,0.1575,-0.3040,0.9436,0.1314,-0.0022,-0.9518,-0.3067,0.0000,0.0776,-0.0003,0
-19.3594,56.8180,-0.0550,0.0424,-0.1243,0.9913,0.1575,-0.3197,0.9384,0.1314,-0.0022,-0.9466,-0.3225,0.0000,0.0776,-0.0003,0
-20.3033,56.4878,-0.0550,0.0444,-0.1236,0.9913,0.1575,-0.3353,0.9329,0.1313,-0.0022,-0.9411,-0.3382,0.0000,0.0776,-0.0003,0
-21.2414,56.1415,-0.0550,0.0465,-0.1229,0.9913,0.1575,-0.3508,0.9272,0.1314,-0.0022,-0.9353,-0.3539,0.0000,0.0776,-0.0003,0
-22.1737,55.7799,-0.0550,0.0485,-0.1221,0.9913,0.1575,-0.3662,0.9212,0.1314,-0.0022,-0.9293,-0.3694,0.0000,0.0776,-0.0003,0
-23.0999,55.4029,-0.0550,0.0505,-0.1212,0.9913,0.1575,-0.3815,0.9150,0.1313,-0.0022,-0.9230,-0.3848,0.0000,0.0776,-0.0003,0
-24.0195,55.0103,-0.0550,0.0526,-0.1204,0.9913,0.1575,0.3967,-0.9085,-0.1314,-0.0022,-0.9164,-0.4002,-0.0000,0.0776,-0.0003,0
-24.9327,54.6026,-0.0550,0.0546,-0.1195,0.9913,0.1575,0.4118,-0.9018,-0.1314,-0.0022,-0.9097,-0.4154,-0.0000,0.0776,-0.0003,0
-25.8388,54.1797,-0.0550,0.0565,-0.1186,0.9913,0.1575,0.4267,-0.8948,-0.1314,-0.0022,-0.9026,-0.4305,-0.0000,0.0776,-0.0003,0
-26.7377,53.7416,-0.0550,0.0585,-0.1176,0.9913,0.1575,0.4416,-0.8876,-0.1314,-0.0022,-0.8953,-0.4454,-0.0000,0.0776,-0.0003,0
-27.6294,53.2889,-0.0550,0.0605,-0.1166,0.9913,0.1575,0.4563,-0.8801,-0.1314,-0.0022,-0.8878,-0.4603,-0.0000,0.0776,-0.0003,0
-28.5132,52.8212,-0.0550,0.0624,-0.1156,0.9913,0.1575,0.4709,-0.8724,-0.1314,-0.0022,-0.8800,-0.4750,-0.0000,0.0776,-0.0003,0
-29.3892,52.3387,-0.0550,0.0643,-0.1146,0.9913,0.1575,0.4854,-0.8644,-0.1314,-0.0022,-0.8719,-0.4896,-0.0000,0.0776,-0.0003,0
-30.2571,51.8420,-0.0550,0.0662,-0.1134,0.9913,0.1575,0.4997,-0.8562,-0.1313,-0.0022,-0.8637,-0.5041,-0.0000,0.0776,-0.0003,0
-31.1164,51.3307,-0.0550,0.0681,-0.1123,0.9913,0.1575,0.5139,-0.8477,-0.1314,-0.0022,-0.8551,-0.5184,-0.0000,0.0776,-0.0003,0
-31.9672,50.8052,-0.0550,0.0700,-0.1112,0.9913,0.1575,0.5279,-0.8391,-0.1314,-0.0022,-0.8464,-0.5326,-0.0000,0.0776,-0.0003,0
-32.8092,50.2658,-0.0550,0.0718,-0.1100,0.9913,0.1575,0.5419,-0.8301,-0.1313,-0.0022,-0.8374,-0.5466,-0.0000,0.0776,-0.0003,0
-33.6419,49.7121,-0.0550,0.0736,-0.1088,0.9913,0.1575,0.5556,-0.8210,-0.1314,-0.0022,-0.8282,-0.5605,-0.0000,0.0776,-0.0003,0
-34.4654,49.1447,-0.0550,0.0754,-0.1076,0.9913,0.1575,0.5692,-0.8116,-0.1314,-0.0022,-0.8187,-0.5742,-0.0000,0.0776,-0.0003,0
-35.2795,48.5640,-0.0550,0.0772,-0.1063,0.9913,0.1575,0.5826,-0.8020,-0.1313,-0.0022,-0.8091,-0.5877,-0.0000,0.0776,-0.0003,0
-36.0834,47.9693,-0.0550,0.0790,-0.1050,0.9913,0.1575,0.5959,-0.7922,-0.1314,-0.0022,-0.7991,-0.6011,-0.0000,0.0776,-0.0003,0
-36.8775,47.3616,-0.0550,0.0807,-0.1037,0.9913,0.1575,0.6090,-0.7822,-0.1314,-0.0022,-0.7890,-0.6144,-0.0000,0.0776,-0.0003,0
-37.6615,46.7408,-0.0550,0.0824,-0.1023,0.9913,0.1575,0.6220,-0.7719,-0.1313,-0.0022,-0.7787,-0.6274,-0.0000,0.0776,-0.0003,0
-38.4348,46.1068,-0.0550,0.0841,-0.1009,0.9913,0.1575,0.6348,-0.7615,-0.1314,-0.0022,-0.7681,-0.6403,-0.0000,0.0776,-0.0003,0
-39.1976,45.4601,-0.0550,0.0858,-0.0995,0.9913,0.1575,0.6474,-0.7508,-0.1314,-0.0022,-0.7573,-0.6530,-0.0000,0.0776,-0.0003,0
-39.9495,44.8009,-0.0550,0.0874,-0.0980,0.9913,0.1575,0.6598,-0.7399,-0.1313,-0.0022,-0.7464,-0.6655,-0.0000,0.0776,-0.0003,0
-40.6902,44.1291,-0.0550,0.0891,-0.0966,0.9913,0.1575,0.6720,-0.7288,-0.1314,-0.0022,-0.7352,-0.6779,-0.0000,0.0776,-0.0003,0
-41.4198,43.4452,-0.0550,0.0906,-0.0951,0.9913,0.1575,0.6841,-0.7175,-0.1314,-0.0022,-0.7238,-0.6900,-0.0000,0.0776,-0.0003,0
-42.1378,42.7492,-0.0550,0.0922,-0.0935,0.9913,0.1575,0.6959,-0.7060,-0.1314,-0.0022,-0.7122,-0.7020,-0.0000,0.0776,-0.0003,0
-42.8440,42.0412,-0.0550,0.0938,-0.0920,0.9913,0.1575,0.7076,-0.6943,-0.1314,-0.0022,-0.7004,-0.7138,-0.0000,0.0776,-0.0003,0
-43.5385,41.3217,-0.0550,0.0953,-0.0904,0.9913,0.1575,-0.7190,0.6824,0.1314,-0.0022,-0.6884,-0.7253,0.0000,0.0776,-0.0003,0
-44.2208,40.5907,-0.0550,0.0968,-0.0888,0.9913,0.1575,-0.7303,0.6704,0.1314,-0.0022,-0.6762,-0.7367,0.0000,0.0776,-0.0003,0
-44.8908,39.8483,-0.0550,0.0983,-0.0872,0.9913,0.1575,-0.7414,0.6581,0.1314,-0.0022,-0.6639,-0.7479,0.0000,0.0776,-0.0003,0
-45.5485,39.0951,-0.0550,0.0997,-0.0855,0.9913,0.1575,-0.7522,0.6457,0.1313,-0.0022,-0.6513,-0.7588,0.0000,0.0776,-0.0003,0
-46.1934,38.3308,-0.0550,0.1011,-0.0839,0.9913,0.1575,-0.7629,0.6330,0.1314,-0.0022,-0.6386,-0.7696,0.0000,0.0776,-0.0003,0
-46.8254,37.5559,-0.0550,0.1025,-0.0822,0.9913,0.1575,-0.7733,0.6202,0.1314,-0.0022,-0.6257,-0.7801,0.0000,0.0776,-0.0003,0
-47.4447,36.7708,-0.0550,0.1038,-0.0805,0.9913,0.1575,-0.7836,0.6073,0.1313,-0.0022,-0.6126,-0.7904,0.0000,0.0776,-0.0003,0
-48.0506,35.9752,-0.0550,0.1052,-0.0787,0.9913,0.1575,-0.7936,0.5941,0.1314,-0.0022,-0.5993,-0.8005,0.0000,0.0776,-0.0003,0
-48.6432,35.1697,-0.0550,0.1065,-0.0770,0.9913,0.1575,-0.8034,0.5808,0.1314,-0.0022,-0.5859,-0.8104,0.0000,0.0776,-0.0003,0
-49.2225,34.3546,-0.0550,0.1077,-0.0752,0.9913,0.1575,-0.8129,0.5674,0.1313,-0.0022,-0.5723,-0.8200,0.0000,0.0776,-0.0003,0
-49.7878,33.5298,-0.0550,0.1090,-0.0734,0.9913,0.1575,-0.8223,0.5537,0.1314,-0.0022,-0.5586,-0.8294,0.0000,0.0776,-0.0003,0
-50.3395,32.6957,-0.0550,0.1102,-0.0716,0.9913,0.1575,-0.8314,0.5400,0.1314,-0.0022,-0.5447,-0.8386,0.0000,0.0776,-0.0003,0
-50.8773,31.8527,-0.0550,0.1113,-0.0697,0.9913,0.1575,-0.8402,0.5261,0.1313,-0.0022,-0.5306,-0.8476,0.0000,0.0776,-0.0003,0
-51.4007,31.0006,-0.0550,0.1125,-0.0678,0.9913,0.1575,-0.8489,0.5120,0.1314,-0.0022,-0.5165,-0.8563,0.0000,0.0776,-0.0003,0
-51.9100,30.1400,-0.0550,0.1136,-0.0660,0.9913,0.1575,-0.8573,0.4978,0.1314,-0.0022,-0.5021,-0.8648,0.0000,0.0776,-0.0003,0
-52.4051,29.2712,-0.0550,0.1147,-0.0640,0.9913,0.1575,-0.8655,0.4834,0.1313,-0.0022,-0.4876,-0.8730,0.0000,0.0776,-0.0003,0
-52.8852,28.3940,-0.0550,0.1157,-0.0621,0.9913,0.1575,-0.8734,0.4689,0.1314,-0.0022,-0.4730,-0.8810,0.0000,0.0776,-0.0003,0
-53.3510,27.5091,-0.0550,0.1168,-0.0602,0.9913,0.1575,-0.8811,0.4543,0.1314,-0.0022,-0.4583,-0.8888,0.0000,0.0776,-0.0003,0
-53.8019,26.6166,-0.0550,0.1177,-0.0582,0.9913,0.1575,-0.8885,0.4396,0.1313,-0.0022,-0.4434,-0.8963,0.0000,0.0776,-0.0003,0
-54.2377,25.7165,-0.0550,0.1187,-0.0563,0.9913,0.1575,-0.8957,0.4247,0.1314,-0.0022,-0.4284,-0.9036,0.0000,0.0776,-0.0003,0
-54.6587,24.8095,-0.0550,0.1196,-0.0543,0.9913,0.1575,0.9027,-0.4097,-0.1314,-0.0022,-0.4133,-0.9106,-0.0000,0.0776,-0.0003,0
-55.0644,23.8955,-0.0550,0.1205,-0.0523,0.9913,0.1575,0.9094,-0.3946,-0.1314,-0.0022,-0.3981,-0.9173,-0.0000,0.0776,-0.0003,0
-55.4547,22.9748,-0.0550,0.1214,-0.0503,0.9913,0.1575,0.9158,-0.3794,-0.1314,-0.0022,-0.3828,-0.9239,-0.0000,0.0776,-0.0003,0
-55.8299,22.0479,-0.0550,0.1222,-0.0482,0.9913,0.1575,0.9220,-0.3641,-0.1314,-0.0022,-0.3673,-0.9301,-0.0000,0.0776,-0.0003,0
-56.1894,21.1148,-0.0550,0.1230,-0.0462,0.9913,0.1575,0.9280,-0.3487,-0.1314,-0.0022,-0.3518,-0.9361,-0.0000,0.0776,-0.0003,0
-56.5332,20.1758,-0.0550,0.1237,-0.0442,0.9913,0.1575,0.9337,-0.3332,-0.1314,-0.0022,-0.3361,-0.9418,-0.0000,0.0776,-0.0003,0
-56.8617,19.2312,-0.0550,0.1244,-0.0421,0.9913,0.1575,0.9391,-0.3176,-0.1313,-0.0022,-0.3204,-0.9473,-0.0000,0.0776,-0.0003,0
-57.1740,18.2813,-0.0550,0.1251,-0.0400,0.9913,0.1575,0.9442,-0.3019,-0.1314,-0.0022,-0.3046,-0.9525,-0.0000,0.0776,-0.0003,0
-57.4706,17.3263,-0.0550,0.1258,-0.0379,0.9913,0.1575,0.9491,-0.2861,-0.1314,-0.0022,-0.2886,-0.9574,-0.0000,0.0776,-0.0003,0
-57.7515,16.3666,-0.0550,0.1264,-0.0358,0.9913,0.1575,0.9538,-0.2703,-0.1313,-0.0022,-0.2727,-0.9621,-0.0000,0.0776,-0.0003,0
-58.0159,15.4022,-0.0550,0.1270,-0.0337,0.9913,0.1575,0.9581,-0.2544,-0.1314,-0.0022,-0.2566,-0.9665,-0.0000,0.0776,-0.0003,0
-58.2644,14.4336,-0.0550,0.1275,-0.0316,0.9913,0.1575,0.9622,-0.2384,-0.1314,-0.0022,-0.2405,-0.9707,-0.0000,0.0776,-0.0003,0
-58.4970,13.4610,-0.0550,0.1280,-0.0295,0.9913,0.1575,0.9661,-0.2223,-0.1313,-0.0022,-0.2243,-0.9745,-0.0000,0.0776,-0.0003,0
-58.7129,12.4846,-0.0550,0.1285,-0.0273,0.9913,0.1575,0.9697,-0.2062,-0.1314,-0.0022,-0.2080,-0.9781,-0.0000,0.0776,-0.0003,0
-58.9128,11.5048,-0.0550,0.1289,-0.0252,0.9913,0.1575,0.9730,-0.1900,-0.1314,-0.0022,-0.1917,-0.9815,-0.0000,0.0776,-0.0003,0
-59.0964,10.5218,-0.0550,0.1293,-0.0230,0.9913,0.1575,0.9760,-0.1738,-0.1313,-0.0022,-0.1753,-0.9845,-0.0000,0.0776,-0.0003,0
-59.2633,9.5358,-0.0550,0.1297,-0.0209,0.9913,0.1575,0.9787,-0.1575,-0.1314,-0.0022,-0.1589,-0.9873,-0.0000,0.0776,-0.0003,0
-59.4140,8.5473,-0.0550,0.1300,-0.0187,0.9913,0.1575,-0.9812,0.1412,0.1314,-0.0022,-0.1424,-0.9898,0.0000,0.0776,-0.0003,0
-59.5482,7.5563,-0.0550,0.1303,-0.0165,0.9913,0.1575,-0.9835,0.1248,0.1313,-0.0022,-0.1259,-0.9920,0.0000,0.0776,-0.0003,0
-59.6657,6.5633,-0.0550,0.1306,-0.0144,0.9913,0.1575,-0.9854,0.1084,0.1314,-0.0022,-0.1093,-0.9940,0.0000,0.0776,-0.0003,0
-59.7668,5.5684,-0.0550,0.1308,-0.0122,0.9913,0.1575,-0.9871,0.0920,0.1314,-0.0022,-0.0928,-0.9957,0.0000,0.0776,-0.0003,0
-59.8513,4.5720,-0.0550,0.1310,-0.0100,0.9913,0.1575,-0.9885,0.0755,0.1314,-0.0022,-0.0762,-0.9971,0.0000,0.0776,-0.0003,0
-59.9190,3.5743,-0.0550,0.1311,-0.0078,0.9913,0.1575,-0.9896,0.0590,0.1314,-0.0022,-0.0595,-0.9982,0.0000,0.0776,-0.0003,0
-59.9704,2.5756,-0.0550,0.1312,-0.0056,0.9913,0.1575,-0.9904,0.0425,0.1314,-0.0022,-0.0429,-0.9991,0.0000,0.0776,-0.0003,0
-60.0050,1.5763,-0.0550,0.1313,-0.0034,0.9913,0.1575,-0.9910,0.0260,0.1314,-0.0022,-0.0263,-0.9997,0.0000,0.0776,-0.0003,0
-60.0228,0.5764,-0.0550,0.1314,-0.0013,0.9913,0.1575,-0.9913,0.0095,0.1314,-0.0022,-0.0096,-1.0000,0.0000,0.0776,-0.0003,0
-60.0242,-0.4236,-0.0550,0.1313,0.0009,0.9913,0.1575,0.9913,0.0070,-0.1314,-0.0022,0.0071,-1.0000,-0.0000,0.0776,-0.0003,0
-60.0088,-1.4234,-0.0550,0.1313,0.0031,0.9913,0.1575,0.9911,0.0235,-0.1314,-0.0022,0.0237,-0.9997,-0.0000,0.0776,-0.0003,0
-59.9766,-2.4229,-0.0550,0.1313,0.0053,0.9913,0.1575,0.9905,0.0400,-0.1314,-0.0022,0.0404,-0.9992,-0.0000,0.0776,-0.0003,0
-59.9282,-3.4217,-0.0550,0.1311,0.0075,0.9913,0.1575,0.9897,0.0565,-0.1313,-0.0022,0.0570,-0.9984,-0.0000,0.0776,-0.0003,0
-59.8627,-4.4195,-0.0550,0.1310,0.0097,0.9913,0.1575,0.9886,0.0730,-0.1314,-0.0022,0.0736,-0.9973,-0.0000,0.0776,-0.0003,0
-59.7807,-5.4162,-0.0550,0.1308,0.0119,0.9913,0.1575,0.9873,0.0894,-0.1314,-0.0022,0.0902,-0.9959,-0.0000,0.0776,-0.0003,0
-59.6824,-6.4113,-0.0550,0.1306,0.0140,0.9913,0.1575,0.9857,0.1059,-0.1313,-0.0022,0.1068,-0.9943,-0.0000,0.0776,-0.0003,0
-59.5671,-7.4046,-0.0550,0.1304,0.0162,0.9913,0.1575,0.9838,0.1223,-0.1314,-0.0022,0.1234,-0.9924,-0.0000,0.0776,-0.0003,0
-59.4355,-8.3959,-0.0550,0.1301,0.0184,0.9913,0.1575,0.9816,0.1387,-0.1314,-0.0022,0.1399,-0.9902,-0.0000,0.0776,-0.0003,0
-59.2876,-9.3849,-0.0550,0.1297,0.0205,0.9913,0.1575,-0.9791,-0.1550,0.1313,-0.0022,0.1563,-0.9877,0.0000,0.0776,-0.0003,0
-59.1228,-10.3712,-0.0550,0.1294,0.0227,0.9913,0.1575,-0.9764,-0.1713,0.1314,-0.0022,0.1728,-0.9850,0.0000,0.0776,-0.0003,0
-58.9419,-11.3547,-0.0550,0.1290,0.0249,0.9913,0.1575,-0.9734,-0.1875,0.1314,-0.0022,0.1892,-0.9819,0.0000,0.0776,-0.0003,0
-58.7447,-12.3351,-0.0550,0.1285,0.0270,0.9913,0.1575,-0.9702,-0.2037,0.1313,-0.0022,0.2055,-0.9787,0.0000,0.0776,-0.0003,0
-58.5309,-13.3119,-0.0550,0.1281,0.0291,0.9913,0.1575,-0.9666,-0.2198,0.1314,-0.0022,0.2218,-0.9751,0.0000,0.0776,-0.0003,0
-58.3010,-14.2851,-0.0550,0.1276,0.0313,0.9913,0.1575,-0.9629,-0.2359,0.1314,-0.0022,0.2380,-0.9713,0.0000,0.0776,-0.0003,0
-58.0551,-15.2544,-0.0550,0.1270,0.0334,0.9913,0.1575,-0.9588,-0.2519,0.1313,-0.0022,0.2541,-0.9672,0.0000,0.0776,-0.0003,0
-57.7927,-16.2194,-0.0550,0.1265,0.0355,0.9913,0.1575,-0.9545,-0.2679,0.1314,-0.0022,0.2702,-0.9628,0.0000,0.0776,-0.0003,0
-57.5146,-17.1799,-0.0550,0.1259,0.0376,0.9913,0.1575,-0.9499,-0.2837,0.1314,-0.0022,0.2862,-0.9582,0.0000,0.0776,-0.0003,0
-57.2205,-18.1356,-0.0550,0.1252,0.0397,0.9913,0.1575,-0.9450,-0.2995,0.1314,-0.0022,0.3021,-0.9533,0.0000,0.0776,-0.0003,0
-56.9103,-19.0863,-0.0550,0.1246,0.0418,0.9913,0.1575,-0.9399,-0.3152,0.1314,-0.0022,0.3180,-0.9481,0.0000,0.0776,-0.0003,0
-56.5846,-20.0317,-0.0550,0.1238,0.0438,0.9913,0.1575,-0.9345,-0.3308,0.1314,-0.0022,0.3337,-0.9427,0.0000,0.0776,-0.0003,0
-56.2430,-20.9716,-0.0550,0.1231,0.0459,0.9913,0.1575,-0.9289,-0.3463,0.1314,-0.0022,0.3494,-0.9370,0.0000,0.0776,-0.0003,0
-55.8857,-21.9056,-0.0550,0.1223,0.0479,0.9913,0.1575,-0.9230,-0.3618,0.1314,-0.0022,0.3649,-0.9310,0.0000,0.0776,-0.0003,0
-55.5132,-22.8336,-0.0550,0.1215,0.0500,0.9913,0.1575,-0.9168,-0.3771,0.1313,-0.0022,0.3804,-0.9248,0.0000,0.0776,-0.0003,0
-55.1250,-23.7552,-0.0550,0.1206,0.0520,0.9913,0.1575,-0.9104,-0.3923,0.1314,-0.0022,0.3958,-0.9184,0.0000,0.0776,-0.0003,0
-54.7216,-24.6701,-0.0550,0.1198,0.0540,0.9913,0.1575,-0.9037,-0.4074,0.1314,-0.0022,0.4110,-0.9116,0.0000,0.0776,-0.0003,0
-54.3032,-25.5784,-0.0550,0.1188,0.0560,0.9913,0.1575,0.8968,0.4224,-0.1313,-0.0022,0.4261,-0.9047,-0.0000,0.0776,-0.0003,0
-53.8694,-26.4794,-0.0550,0.1179,0.0580,0.9913,0.1575,0.8897,0.4373,-0.1314,-0.0022,0.4411,-0.8974,-0.0000,0.0776,-0.0003,0
-53.4208,-27.3731,-0.0550,0.1169,0.0599,0.9913,0.1575,0.8823,0.4521,-0.1314,-0.0022,0.4560,-0.8900,-0.0000,0.0776,-0.0003,0
-52.9576,-28.2594,-0.0550,0.1159,0.0618,0.9913,0.1575,0.8746,0.4667,-0.1313,-0.0022,0.4708,-0.8822,-0.0000,0.0776,-0.0003,0
-52.4793,-29.1375,-0.0550,0.1149,0.0638,0.9913,0.1575,0.8667,0.4812,-0.1314,-0.0022,0.4854,-0.8743,-0.0000,0.0776,-0.0003,0
-51.9866,-30.0077,-0.0550,0.1138,0.0657,0.9913,0.1575,0.8586,0.4956,-0.1314,-0.0022,0.4999,-0.8661,-0.0000,0.0776,-0.0003,0
-51.4797,-30.8697,-0.0550,0.1126,0.0675,0.9913,0.1575,0.8502,0.5098,-0.1313,-0.0022,0.5143,-0.8576,-0.0000,0.0776,-0.0003,0
-50.9581,-31.7229,-0.0550,0.1115,0.0694,0.9913,0.1575,0.8416,0.5239,-0.1314,-0.0022,0.5285,-0.8489,-0.0000,0.0776,-0.0003,0
-50.4226,-32.5674,-0.0550,0.1104,0.0713,0.9913,0.1575,0.8327,0.5379,-0.1314,-0.0022,0.5426,-0.8400,-0.0000,0.0776,-0.0003,0
-49.8732,-33.4029,-0.0550,0.1091,0.0731,0.9913,0.1575,0.8237,0.5517,-0.1313,-0.0022,0.5565,-0.8309,-0.0000,0.0776,-0.0003,0
-49.3096,-34.2290,-0.0550,0.1079,0.0749,0.9913,0.1575,0.8144,0.5653,-0.1314,-0.0022,0.5702,-0.8215,-0.0000,0.0776,-0.0003,0
-48.7327,-35.0458,-0.0550,0.1066,0.0767,0.9913,0.1575,0.8048,0.5788,-0.1314,-0.0022,0.5838,-0.8119,-0.0000,0.0776,-0.0003,0
-48.1421,-35.8528,-0.0550,0.1053,0.0785,0.9913,0.1575,0.7951,0.5921,-0.1314,-0.0022,0.5973,-0.8020,-0.0000,0.0776,-0.0003,0
-47.5381,-36.6497,-0.0550,0.1040,0.0802,0.9913,0.1575,0.7851,0.6053,-0.1314,-0.0022,0.6106,-0.7920,-0.0000,0.0776,-0.0003,0
-46.9210,-37.4366,-0.0550,0.1027,0.0819,0.9913,0.1575,0.7749,0.6183,-0.1314,-0.0022,0.6237,-0.7817,-0.0000,0.0776,-0.0003,0
-46.2909,-38.2130,-0.0550,0.1013,0.0836,0.9913,0.1575,0.7645,0.6311,-0.1314,-0.0022,0.6366,-0.7712,-0.0000,0.0776,-0.0003,0
-45.6478,-38.9788,-0.0550,0.0999,0.0853,0.9913,0.1575,0.7539,0.6437,-0.1314,-0.0022,0.6494,-0.7605,-0.0000,0.0776,-0.0003,0
-44.9922,-39.7339,-0.0550,0.0985,0.0869,0.9913,0.1575,0.7431,0.6562,-0.1314,-0.0022,0.6619,-0.7495,-0.0000,0.0776,-0.0003,0
-44.3240,-40.4779,-0.0550,0.0970,0.0886,0.9913,0.1575,0.7320,0.6685,-0.1314,-0.0022,0.6743,-0.7384,-0.0000,0.0776,-0.0003,0
-43.6435,-41.2106,-0.0550,0.0955,0.0902,0.9913,0.1575,0.7208,0.6806,-0.1314,-0.0022,0.6866,-0.7271,-0.0000,0.0776,-0.0003,0
-42.9511,-41.9321,-0.0550,0.0940,0.0918,0.9913,0.1575,0.7093,0.6925,-0.1313,-0.0022,0.6986,-0.7155,-0.0000,0.0776,-0.0003,0
-42.2465,-42.6417,-0.0550,0.0925,0.0933,0.9913,0.1575,-0.6977,-0.7042,0.1314,-0.0022,0.7104,-0.7038,0.0000,0.0776,-0.0003,0
-41.5302,-43.3395,-0.0550,0.0909,0.0949,0.9913,0.1575,-0.6859,-0.7158,0.1314,-0.0022,0.7220,-0.6919,0.0000,0.0776,-0.0003,0
-40.8026,-44.0255,-0.0550,0.0893,0.0963,0.9913,0.1575,-0.6739,-0.7271,0.1313,-0.0022,0.7334,-0.6798,0.0000,0.0776,-0.0003,0
-40.0634,-44.6989,-0.0550,0.0877,0.0978,0.9913,0.1575,-0.6617,-0.7382,0.1314,-0.0022,0.7447,-0.6674,0.0000,0.0776,-0.0003,0
-39.3132,-45.3601,-0.0550,0.0860,0.0993,0.9913,0.1575,-0.6493,-0.7491,0.1314,-0.0022,0.7557,-0.6549,0.0000,0.0776,-0.0003,0
-38.5523,-46.0089,-0.0550,0.0843,0.1007,0.9913,0.1575,-0.6367,-0.7598,0.1313,-0.0022,0.7665,-0.6423,0.0000,0.0776,-0.0003,0
-37.7803,-46.6446,-0.0550,0.0827,0.1021,0.9913,0.1575,-0.6239,-0.7703,0.1314,-0.0022,0.7771,-0.6294,0.0000,0.0776,-0.0003,0
-36.9981,-47.2675,-0.0550,0.0810,0.1034,0.9913,0.1575,-0.6110,-0.7806,0.1314,-0.0022,0.7875,-0.6164,0.0000,0.0776,-0.0003,0
-36.2056,-47.8774,-0.0550,0.0792,0.1048,0.9913,0.1575,-0.5979,-0.7907,0.1313,-0.0022,0.7976,-0.6032,0.0000,0.0776,-0.0003,0
-35.4029,-48.4737,-0.0550,0.0775,0.1061,0.9913,0.1575,-0.5847,-0.8006,0.1314,-0.0022,0.8076,-0.5898,0.0000,0.0776,-0.0003,0
-34.5905,-49.0568,-0.0550,0.0757,0.1074,0.9913,0.1575,-0.5713,-0.8102,0.1314,-0.0022,0.8173,-0.5763,0.0000,0.0776,-0.0003,0
-33.7685,-49.6264,-0.0550,0.0739,0.1086,0.9913,0.1575,-0.5577,-0.8196,0.1313,-0.0022,0.8268,-0.5626,0.0000,0.0776,-0.0003,0
-32.9370,-50.1819,-0.0550,0.0721,0.1098,0.9913,0.1575,-0.5440,-0.8288,0.1314,-0.0022,0.8360,-0.5487,0.0000,0.0776,-0.0003,0
-32.0965,-50.7237,-0.0550,0.0702,0.1110,0.9913,0.1575,-0.5301,-0.8377,0.1314,-0.0022,0.8450,-0.5347,0.0000,0.0776,-0.0003,0
-31.2471,-51.2514,-0.0550,0.0684,0.1122,0.9913,0.1575,-0.5161,-0.8464,0.1314,-0.0022,0.8538,-0.5206,0.0000,0.0776,-0.0003,0
-30.3889,-51.7647,-0.0550,0.0665,0.1133,0.9913,0.1575,-0.5019,-0.8549,0.1314,-0.0022,0.8624,-0.5063,0.0000,0.0776,-0.0003,0
-29.5224,-52.2638,-0.0550,0.0646,0.1144,0.9913,0.1575,-0.4876,-0.8631,0.1314,-0.0022,0.8707,-0.4918,0.0000,0.0776,-0.0003,0
-28.6477,-52.7484,-0.0550,0.0627,0.1154,0.9913,0.1575,-0.4731,-0.8711,0.1314,-0.0022,0.8788,-0.4773,0.0000,0.0776,-0.0003,0
-27.7649,-53.2182,-0.0550,0.0608,0.1165,0.9913,0.1575,-0.4585,-0.8789,0.1314,-0.0022,0.8866,-0.4626,0.0000,0.0776,-0.0003,0
-26.8746,-53.6735,-0.0550,0.0588,0.1174,0.9913,0.1575,-0.4438,-0.8864,0.1313,-0.0022,0.8942,-0.4477,0.0000,0.0776,-0.0003,0
-25.9767,-54.1136,-0.0550,0.0568,0.1184,0.9913,0.1575,-0.4290,-0.8937,0.1314,-0.0022,0.9015,-0.4328,0.0000,0.0776,-0.0003,0
-25.0716,-54.5388,-0.0550,0.0549,0.1194,0.9913,0.1575,-0.4141,-0.9007,0.1314,-0.0022,0.9086,-0.4177,0.0000,0.0776,-0.0003,0
-24.1597,-54.9491,-0.0550,0.0529,0.1202,0.9913,0.1575,-0.3990,-0.9075,0.1313,-0.0022,0.9154,-0.4025,0.0000,0.0776,-0.0003,0
-23.2409,-55.3438,-0.0550,0.0509,0.1211,0.9913,0.1575,0.3838,0.9140,-0.1314,-0.0022,0.9220,-0.3872,-0.0000,0.0776,-0.0003,0
-22.3157,-55.7233,-0.0550,0.0488,0.1220,0.9913,0.1575,0.3685,0.9203,-0.1314,-0.0022,0.9283,-0.3718,-0.0000,0.0776,-0.0003,0
-21.3844,-56.0875,-0.0550,0.0468,0.1227,0.9913,0.1575,0.3532,0.9263,-0.1313,-0.0022,0.9344,-0.3563,-0.0000,0.0776,-0.0003,0
-20.4470,-56.4357,-0.0550,0.0448,0.1235,0.9913,0.1575,0.3377,0.9320,-0.1314,-0.0022,0.9402,-0.3406,-0.0000,0.0776,-0.0003,0
-19.5040,-56.7685,-0.0550,0.0427,0.1242,0.9913,0.1575,0.3221,0.9375,-0.1314,-0.0022,0.9457,-0.3249,-0.0000,0.0776,-0.0003,0
-18.5557,-57.0857,-0.0550,0.0406,0.1249,0.9913,0.1575,0.3065,0.9428,-0.1313,-0.0022,0.9510,-0.3091,-0.0000,0.0776,-0.0003,0
-17.6020,-57.3867,-0.0550,0.0385,0.1256,0.9913,0.1575,0.2907,0.9478,-0.1314,-0.0022,0.9560,-0.2932,-0.0000,0.0776,-0.0003,0
-16.6436,-57.6721,-0.0550,0.0364,0.1262,0.9913,0.1575,0.2749,0.9525,-0.1314,-0.0022,0.9608,-0.2773,-0.0000,0.0776,-0.0003,0
-15.6806,-57.9414,-0.0550,0.0343,0.1268,0.9913,0.1575,0.2590,0.9569,-0.1313,-0.0022,0.9653,-0.2612,-0.0000,0.0776,-0.0003,0
-14.7131,-58.1944,-0.0550,0.0322,0.1274,0.9913,0.1575,0.2430,0.9611,-0.1314,-0.0022,0.9695,-0.2451,-0.0000,0.0776,-0.0003,0
-13.7417,-58.4316,-0.0550,0.0301,0.1279,0.9913,0.1575,0.2269,0.9650,-0.1314,-0.0022,0.9734,-0.2289,-0.0000,0.0776,-0.0003,0
-12.7664,-58.6524,-0.0550,0.0279,0.1284,0.9913,0.1575,0.2108,0.9687,-0.1314,-0.0022,0.9771,-0.2127,-0.0000,0.0776,-0.0003,0
-11.7875,-58.8568,-0.0550,0.0258,0.1288,0.9913,0.1575,0.1947,0.9720,-0.1314,-0.0022,0.9805,-0.1964,-0.0000,0.0776,-0.0003,0
-10.8054,-59.0451,-0.0550,0.0236,0.1292,0.9913,0.1575,0.1785,0.9751,-0.1314,-0.0022,0.9837,-0.1800,-0.0000,0.0776,-0.0003,0
-9.8203,-59.2169,-0.0550,0.0215,0.1296,0.9913,0.1575,0.1622,0.9780,-0.1314,-0.0022,0.9865,-0.1636,-0.0000,0.0776,-0.0003,0
-8.8324,-59.3722,-0.0550,0.0193,0.1299,0.9913,0.1575,0.1459,0.9805,-0.1314,-0.0022,0.9891,-0.1471,-0.0000,0.0776,-0.0003,0
-7.8422,-59.5113,-0.0550,0.0172,0.1302,0.9913,0.1575,0.1295,0.9828,-0.1313,-0.0022,0.9914,-0.1306,-0.0000,0.0776,-0.0003,0
-6.8497,-59.6335,-0.0550,0.0150,0.1305,0.9913,0.1575,0.1131,0.9849,-0.1314,-0.0022,0.9935,-0.1141,-0.0000,0.0776,-0.0003,0
-5.8553,-59.7393,-0.0550,0.0128,0.1307,0.9913,0.1575,0.0967,0.9866,-0.1314,-0.0022,0.9952,-0.0975,-0.0000,0.0776,-0.0003,0
-4.8593,-59.8288,-0.0550,0.0106,0.1309,0.9913,0.1575,0.0803,0.9881,-0.1313,-0.0022,0.9967,-0.0810,-0.0000,0.0776,-0.0003,0
-3.8620,-59.9012,-0.0550,0.0085,0.1311,0.9913,0.1575,0.0638,0.9893,-0.1314,-0.0022,0.9979,-0.0643,-0.0000,0.0776,-0.0003,0
-2.8636,-59.9573,-0.0550,0.0063,0.1312,0.9913,0.1575,0.0473,0.9902,-0.1314,-0.0022,0.9989,-0.0477,-0.0000,0.0776,-0.0003,0
-1.8644,-59.9968,-0.0550,0.0041,0.1313,0.9913,0.1575,0.0308,0.9909,-0.1313,-0.0022,0.9995,-0.0311,-0.0000,0.0776,-0.0003,0
-0.8646,-60.0193,-0.0550,0.0019,0.1314,0.9913,0.1575,0.0143,0.9912,-0.1314,-0.0022,0.9999,-0.0144,-0.0000,0.0776,-0.0003,0
0.1353,-60.0255,-0.0550,-0.0003,0.1314,0.9913,0.1575,-0.0022,0.9913,-0.1314,-0.0022,1.0000,0.0023,-0.0000,0.0776,-0.0003,0
1.1353,-60.0150,-0.0550,-0.0025,0.1313,0.9913,0.1575,0.0187,-0.9912,0.1313,-0.0022,0.9998,0.0189,0.0000,0.0776,-0.0003,0
2.1349,-59.9876,-0.0550,-0.0047,0.1313,0.9913,0.1575,0.0353,-0.9907,0.1314,-0.0022,0.9994,0.0356,0.0000,0.0776,-0.0003,0
3.1339,-59.9438,-0.0550,-0.0069,0.1312,0.9913,0.1575,0.0518,-0.9900,0.1314,-0.0022,0.9986,0.0522,0.0000,0.0776,-0.0003,0
4.1321,-59.8833,-0.0550,-0.0090,0.1310,0.9913,0.1575,0.0682,-0.9890,0.1314,-0.0022,0.9976,0.0688,0.0000,0.0776,-0.0003,0
5.1291,-59.8060,-0.0550,-0.0112,0.1309,0.9913,0.1575,0.0847,-0.9877,0.1314,-0.0022,0.9963,0.0854,0.0000,0.0776,-0.0003,0
6.1247,-59.7124,-0.0550,-0.0134,0.1307,0.9913,0.1575,0.1012,-0.9862,0.1314,-0.0022,0.9948,0.1020,0.0000,0.0776,-0.0003,0
7.1185,-59.6020,-0.0550,-0.0156,0.1304,0.9913,0.1575,0.1176,-0.9843,0.1314,-0.0022,0.9929,0.1186,0.0000,0.0776,-0.0003,0
8.1104,-59.4751,-0.0550,-0.0178,0.1302,0.9913,0.1575,0.1339,-0.9822,0.1314,-0.0022,0.9908,0.1351,0.0000,0.0776,-0.0003,0
9.1001,-59.3320,-0.0550,-0.0199,0.1298,0.9913,0.1575,0.1503,-0.9799,0.1313,-0.0022,0.9884,0.1516,0.0000,0.0776,-0.0003,0
10.0872,-59.1720,-0.0550,-0.0221,0.1295,0.9913,0.1575,0.1666,-0.9772,0.1314,-0.0022,0.9858,0.1680,0.0000,0.0776,-0.0003,0
11.0715,-58.9957,-0.0550,-0.0242,0.1291,0.9913,0.1575,0.1828,-0.9743,0.1314,-0.0022,0.9828,0.1844,0.0000,0.0776,-0.0003,0
12.0529,-58.8033,-0.0550,-0.0264,0.1287,0.9913,0.1575,0.1991,-0.9711,0.1313,-0.0022,0.9796,0.2008,0.0000,0.0776,-0.0003,0
13.0307,-58.5941,-0.0550,-0.0285,0.1282,0.9913,0.1575,0.2152,-0.9677,0.1314,-0.0022,0.9762,0.2171,0.0000,0.0776,-0.0003,0
14.0050,-58.3689,-0.0550,-0.0307,0.1277,0.9913,0.1575,0.2313,-0.9640,0.1314,-0.0022,0.9724,0.2333,0.0000,0.0776,-0.0003,0
14.9755,-58.1277,-0.0550,-0.0328,0.1272,0.9913,0.1575,0.2473,-0.9600,0.1313,-0.0022,0.9684,0.2495,0.0000,0.0776,-0.0003,0
15.9417,-57.8699,-0.0550,-0.0349,0.1267,0.9913,0.1575,0.2633,-0.9557,0.1314,-0.0022,0.9641,0.2656,0.0000,0.0776,-0.0003,0
16.9035,-57.5964,-0.0550,-0.0370,0.1260,0.9913,0.1575,0.2792,-0.9512,0.1314,-0.0022,0.9595,0.2816,0.0000,0.0776,-0.0003,0
17.8607,-57.3069,-0.0550,-0.0391,0.1254,0.9913,0.1575,0.2950,-0.9464,0.1314,-0.0022,0.9547,0.2976,0.0000,0.0776,-0.0003,0
18.8128,-57.0013,-0.0550,-0.0412,0.1248,0.9913,0.1575,0.3107,-0.9414,0.1314,-0.0022,0.9496,0.3134,0.0000,0.0776,-0.0003,0
19.7598,-56.6801,-0.0550,-0.0432,0.1240,0.9913,0.1575,0.3263,-0.9361,0.1314,-0.0022,0.9443,0.3292,0.0000,0.0776,-0.0003,0
20.7013,-56.3430,-0.0550,-0.0453,0.1233,0.9913,0.1575,0.3419,-0.9305,0.1314,-0.0022,0.9386,0.3449,0.0000,0.0776,-0.0003,0
21.6370,-55.9902,-0.0550,-0.0474,0.1225,0.9913,0.1575,0.3573,-0.9247,0.1314,-0.0022,0.9328,0.3605,0.0000,0.0776,-0.0003,0
22.5668,-55.6222,-0.0550,-0.0494,0.1217,0.9913,0.1575,0.3727,-0.9186,0.1313,-0.0022,0.9266,0.3760,0.0000,0.0776,-0.0003,0
23.4902,-55.2384,-0.0550,-0.0514,0.1209,0.9913,0.1575,0.3879,-0.9123,0.1314,-0.0022,0.9202,0.3913,0.0000,0.0776,-0.0003,0
24.4071,-54.8394,-0.0550,-0.0534,0.1200,0.9913,0.1575,0.4031,-0.9057,0.1314,-0.0022,0.9136,0.4066,0.0000,0.0776,-0.0003,0
25.3174,-54.4255,-0.0550,-0.0554,0.1191,0.9913,0.1575,-0.4181,0.8988,-0.1313,-0.0022,0.9067,0.4218,-0.0000,0.0776,-0.0003,0
26.2204,-53.9959,-0.0550,-0.0574,0.1182,0.9913,0.1575,-0.4330,0.8918,-0.1314,-0.0022,0.8995,0.4368,-0.0000,0.0776,-0.0003,0
27.1163,-53.5516,-0.0550,-0.0593,0.1172,0.9913,0.1575,-0.4478,0.8844,-0.1314,-0.0022,0.8921,0.4517,-0.0000,0.0776,-0.0003,0
28.0047,-53.0926,-0.0550,-0.0613,0.1162,0.9913,0.1575,-0.4625,0.8768,-0.1313,-0.0022,0.8845,0.4665,-0.0000,0.0776,-0.0003,0
28.8852,-52.6186,-0.0550,-0.0632,0.1152,0.9913,0.1575,-0.4770,0.8690,-0.1314,-0.0022,0.8766,0.4812,-0.0000,0.0776,-0.0003,0
29.7578,-52.1301,-0.0550,-0.0651,0.1141,0.9913,0.1575,-0.4915,0.8609,-0.1314,-0.0022,0.8685,0.4958,-0.0000,0.0776,-0.0003,0
30.6221,-51.6272,-0.0550,-0.0670,0.1130,0.9913,0.1575,-0.5057,0.8526,-0.1314,-0.0022,0.8601,0.5102,-0.0000,0.0776,-0.0003,0
31.4778,-51.1098,-0.0550,-0.0689,0.1119,0.9913,0.1575,-0.5199,0.8441,-0.1314,-0.0022,0.8515,0.5244,-0.0000,0.0776,-0.0003,0
32.3250,-50.5785,-0.0550,-0.0707,0.1107,0.9913,0.1575,-0.5339,0.8353,-0.1314,-0.0022,0.8426,0.5385,-0.0000,0.0776,-0.0003,0
